0|0|0|5|0
4|2|0|5|0
11|2|0|5|0
41|0|0|5|0
42|0|0|5|0
60|0|2|16|0
90|0|1|3|0
101|0|2|4|0
103|0|2|13|0
110|0|2|20|0
118|0|0|5|0
120|0|0|5|0
130|5|0|5|0
131|0|2|17|0
131|1|0|5|0
143|0|0|5|0
173|0|2|8|0
175|0|1|11|0
175|0|2|15|0
175|0|2|12|0
183|0|2|6|0
183|0|2|23|0
203|0|2|2|0
204|5|2|9|0
205|0|2|9|0
216|0|2|7|0
221|0|0|5|0
226|0|2|20|0
235|0|2|1|0
270|0|2|10|0
279|0|2|18|0
281|0|0|5|1
283|3|0|5|0
305|0|0|5|0
306|0|0|5|0
309|0|1|24|0
310|0|1|22|0
313|0|2|8|0
314|0|2|12|0
315|0|2|1|0
338|5|2|19|0
339|0|2|19|0
341|0|2|14|0
354|5|0|5|0
355|5|0|5|0
355|0|2|21|0
356|5|0|5|0
357|5|0|5|0
358|0|0|5|0
359|5|0|5|0
364|5|0|5|0
365|0|0|5|0
425|0|2|16|0
426|0|0|5|0
427|0|0|5|0
455|0|1|3|0
466|0|2|4|0
468|0|2|13|0
472|0|0|5|0
475|0|2|20|0
485|0|0|5|0
494|5|0|5|0
495|1|0|5|0
496|0|2|17|0
508|0|0|5|0
527|1|0|5|0
530|1|0|5|0
535|1|0|5|0
538|0|2|8|0
540|0|2|12|0
540|0|2|15|0
540|0|1|11|0
540|1|0|5|0
543|1|0|5|0
544|1|0|5|0
545|1|0|5|0
546|1|0|5|0
548|0|2|6|0
548|0|2|23|0
549|1|0|5|0
550|1|0|5|0
553|1|0|5|0
554|1|0|5|0
557|1|0|5|0
558|1|0|5|0
568|0|2|2|0
569|5|2|9|0
570|0|2|9|0
581|0|2|7|0
586|0|0|5|0
591|0|2|20|0
600|0|2|1|0
635|0|2|10|0
644|0|2|18|0
646|0|0|5|1
647|3|0|5|0
670|0|0|5|0
671|0|0|5|0
674|0|1|24|0
675|0|1|22|0
678|0|2|8|0
679|0|2|12|0
680|0|2|1|0
696|1|0|5|0
699|1|0|5|0
703|5|2|19|0
704|0|2|19|0
706|0|2|14|0
718|2|0|5|0
719|5|0|5|0
720|0|2|21|0
720|5|0|5|0
721|5|0|5|0
722|5|0|5|0
723|0|0|5|0
724|4|0|5|0
724|5|0|5|0
729|5|0|5|0
730|0|0|5|0
731|4|0|5|0
739|2|0|5|0
776|0|0|5|0
777|0|0|5|0
790|0|2|16|0
820|0|1|3|0
822|0|0|5|0
831|0|2|4|0
833|0|2|13|0
840|0|2|20|0
850|0|0|5|0
858|5|0|5|0
859|1|0|5|0
861|0|2|17|0
873|0|0|5|0
903|0|2|8|0
905|0|2|15|0
905|0|1|11|0
905|0|2|12|0
913|0|2|6|0
913|0|2|23|0
933|0|2|2|0
934|0|2|9|0
935|0|2|9|0
946|0|2|7|0
951|0|0|5|0
956|0|2|20|0
965|0|2|1|0
1000|0|2|10|0
1009|0|2|18|0
1011|0|0|5|0
1035|0|0|5|0
1036|0|0|5|0
1039|0|1|24|0
1040|0|1|22|0
1043|0|2|8|0
1044|0|2|12|0
1045|0|2|1|0
1060|1|0|5|0
1063|1|0|5|0
1068|5|2|19|0
1069|0|2|19|0
1071|0|2|14|0
1084|5|0|5|0
1085|5|0|5|0
1085|0|2|21|0
1086|5|0|5|0
1087|5|0|5|0
1088|0|0|5|0
1089|5|0|5|0
1094|5|0|5|0
1095|0|0|5|0
1133|0|0|5|0
1134|0|0|5|0
1156|0|2|16|0
1179|0|0|5|0
1186|0|1|3|0
1197|0|2|4|0
1199|0|2|13|0
1201|1|0|5|0
1202|1|0|5|0
1203|1|0|5|0
1204|1|0|5|0
1205|1|0|5|0
1206|0|2|20|0
1206|1|0|5|0
1207|1|0|5|0
1208|1|0|5|0
1209|1|0|5|0
1210|1|0|5|0
1211|1|0|5|0
1212|1|0|5|0
1213|1|0|5|0
1214|1|0|5|0
1215|1|0|5|0
1216|0|0|5|0
1216|1|0|5|0
1217|1|0|5|0
1218|1|0|5|0
1219|1|0|5|0
1220|1|0|5|0
1221|1|0|5|0
1222|5|0|5|0
1222|1|0|5|0
1223|1|0|5|0
1223|1|0|5|0
1224|1|0|5|0
1225|1|0|5|0
1226|1|0|5|0
1227|0|2|17|0
1227|1|0|5|0
1228|1|0|5|0
1229|1|0|5|0
1230|1|0|5|0
1231|1|0|5|0
1239|0|0|5|1
1242|3|0|5|0
1269|0|2|8|0
1271|0|2|15|0
1271|0|1|11|0
1271|0|2|12|0
1279|0|2|6|0
1279|0|2|23|0
1299|0|2|2|0
1300|5|2|9|0
1300|3|2|9|0
1301|0|2|9|1
1312|0|2|7|0
1317|0|0|5|1
1319|3|0|5|0
1322|0|2|20|0
1331|0|2|1|0
1366|0|2|10|0
1375|0|2|18|0
1377|0|0|5|0
1401|0|0|5|0
1402|0|0|5|0
1403|4|0|5|0
1405|0|1|24|0
1406|0|1|22|0
1409|0|2|8|0
1410|0|2|12|0
1411|0|2|1|0
1411|2|0|5|0
1424|1|0|5|0
1427|1|0|5|0
1434|5|2|19|0
1435|0|2|19|0
1437|0|2|14|0
1450|5|0|5|0
1451|5|0|5|0
1451|0|2|21|0
1452|5|0|5|0
1453|5|0|5|0
1454|0|0|5|0
1455|5|0|5|0
1460|5|0|5|0
1461|0|0|5|1
1462|3|0|5|0
1518|0|0|5|0
1519|0|0|5|0
1521|0|2|16|0
1551|0|1|3|0
1562|0|2|4|1
1563|3|2|4|0
1564|0|2|13|0
1564|0|0|5|0
1571|0|2|20|0
1581|0|0|5|0
1592|0|2|17|0
1593|5|0|5|0
1594|1|0|5|0
1604|0|0|5|1
1606|3|0|5|0
1634|0|2|8|0
1636|0|1|11|0
1636|0|2|12|0
1636|0|2|15|0
1644|0|2|6|0
1644|0|2|23|0
1664|0|2|2|0
1665|5|2|9|0
1666|5|2|9|0
1677|0|2|7|0
1682|0|0|5|1
1683|3|0|5|0
1687|0|2|20|0
1696|0|2|1|0
1|5|0|5|0
2|5|0|5|0
3|5|0|5|0
5|5|0|5|0
6|5|0|5|0
7|5|0|5|0
8|5|0|5|0
9|5|0|5|0
10|5|0|5|0
12|5|0|5|0
13|5|0|5|0
14|5|0|5|0
15|5|0|5|0
16|5|0|5|0
17|5|0|5|0
18|5|0|5|0
19|5|0|5|0
20|5|0|5|0
21|5|0|5|0
22|5|0|5|0
23|5|0|5|0
24|5|0|5|0
25|5|0|5|0
26|5|0|5|0
27|5|0|5|0
28|5|0|5|0
29|5|0|5|0
30|5|0|5|0
31|5|0|5|0
32|5|0|5|0
33|5|0|5|0
34|5|0|5|0
35|5|0|5|0
36|5|0|5|0
37|5|0|5|0
38|5|0|5|0
39|5|0|5|0
40|5|0|5|0
43|5|0|5|0
44|5|0|5|0
45|5|0|5|0
46|5|0|5|0
47|5|0|5|0
48|5|0|5|0
49|5|0|5|0
50|5|0|5|0
51|5|0|5|0
52|5|0|5|0
53|5|0|5|0
54|5|0|5|0
55|5|0|5|0
56|5|0|5|0
57|5|0|5|0
58|5|0|5|0
59|5|0|5|0
61|5|0|5|0
62|5|0|5|0
63|5|0|5|0
64|5|0|5|0
65|5|0|5|0
66|5|0|5|0
67|5|0|5|0
68|5|0|5|0
69|5|0|5|0
70|5|0|5|0
71|5|0|5|0
72|5|0|5|0
73|5|0|5|0
74|5|0|5|0
75|5|0|5|0
76|5|0|5|0
77|5|0|5|0
78|5|0|5|0
79|5|0|5|0
80|5|0|5|0
81|5|0|5|0
82|5|0|5|0
83|5|0|5|0
84|5|0|5|0
85|5|0|5|0
86|5|0|5|0
87|5|0|5|0
88|5|0|5|0
89|5|0|5|0
91|5|0|5|0
92|5|0|5|0
93|5|0|5|0
94|5|0|5|0
95|5|0|5|0
96|5|0|5|0
97|5|0|5|0
98|5|0|5|0
99|5|0|5|0
100|5|0|5|0
102|5|0|5|0
104|5|0|5|0
105|5|0|5|0
106|5|0|5|0
107|5|0|5|0
108|5|0|5|0
109|5|0|5|0
111|5|0|5|0
112|5|0|5|0
113|5|0|5|0
114|5|0|5|0
115|5|0|5|0
116|5|0|5|0
117|5|0|5|0
119|5|0|5|0
121|5|0|5|0
122|5|0|5|0
123|5|0|5|0
124|5|0|5|0
125|5|0|5|0
126|5|0|5|0
127|5|0|5|0
128|5|0|5|0
129|5|0|5|0
132|5|0|5|0
133|5|0|5|0
134|5|0|5|0
135|5|0|5|0
136|5|0|5|0
137|5|0|5|0
138|5|0|5|0
139|5|0|5|0
140|5|0|5|0
141|5|0|5|0
142|5|0|5|0
144|5|0|5|0
145|5|0|5|0
146|5|0|5|0
147|5|0|5|0
148|5|0|5|0
149|5|0|5|0
150|5|0|5|0
151|5|0|5|0
152|5|0|5|0
153|5|0|5|0
154|5|0|5|0
155|5|0|5|0
156|5|0|5|0
157|5|0|5|0
158|5|0|5|0
159|5|0|5|0
160|5|0|5|0
161|5|0|5|0
162|5|0|5|0
163|5|0|5|0
164|5|0|5|0
165|5|0|5|0
166|5|0|5|0
167|5|0|5|0
168|5|0|5|0
169|5|0|5|0
170|5|0|5|0
171|5|0|5|0
172|5|0|5|0
174|5|0|5|0
176|5|0|5|0
177|5|0|5|0
178|5|0|5|0
179|5|0|5|0
180|5|0|5|0
181|5|0|5|0
182|5|0|5|0
184|5|0|5|0
185|5|0|5|0
186|5|0|5|0
187|5|0|5|0
188|5|0|5|0
189|5|0|5|0
190|5|0|5|0
191|5|0|5|0
192|5|0|5|0
193|5|0|5|0
194|5|0|5|0
195|5|0|5|0
196|5|0|5|0
197|5|0|5|0
198|5|0|5|0
199|5|0|5|0
200|5|0|5|0
201|5|0|5|0
202|5|0|5|0
206|5|0|5|0
207|5|0|5|0
208|5|0|5|0
209|5|0|5|0
210|5|0|5|0
211|5|0|5|0
212|5|0|5|0
213|5|0|5|0
214|5|0|5|0
215|5|0|5|0
217|5|0|5|0
218|5|0|5|0
219|5|0|5|0
220|5|0|5|0
222|5|0|5|0
223|5|0|5|0
224|5|0|5|0
225|5|0|5|0
227|5|0|5|0
228|5|0|5|0
229|5|0|5|0
230|5|0|5|0
231|5|0|5|0
232|5|0|5|0
233|5|0|5|0
234|5|0|5|0
236|5|0|5|0
237|5|0|5|0
238|5|0|5|0
239|5|0|5|0
240|5|0|5|0
241|5|0|5|0
242|5|0|5|0
243|5|0|5|0
244|5|0|5|0
245|5|0|5|0
246|5|0|5|0
247|5|0|5|0
248|5|0|5|0
249|5|0|5|0
250|5|0|5|0
251|5|0|5|0
252|5|0|5|0
253|5|0|5|0
254|5|0|5|0
255|5|0|5|0
256|5|0|5|0
257|5|0|5|0
258|5|0|5|0
259|5|0|5|0
260|5|0|5|0
261|5|0|5|0
262|5|0|5|0
263|5|0|5|0
264|5|0|5|0
265|5|0|5|0
266|5|0|5|0
267|5|0|5|0
268|5|0|5|0
269|5|0|5|0
271|5|0|5|0
272|5|0|5|0
273|5|0|5|0
274|5|0|5|0
275|5|0|5|0
276|5|0|5|0
277|5|0|5|0
278|5|0|5|0
280|5|0|5|0
282|5|0|5|0
284|5|0|5|0
285|5|0|5|0
286|5|0|5|0
287|5|0|5|0
288|5|0|5|0
289|5|0|5|0
290|5|0|5|0
291|5|0|5|0
292|5|0|5|0
293|5|0|5|0
294|5|0|5|0
295|5|0|5|0
296|5|0|5|0
297|5|0|5|0
298|5|0|5|0
299|5|0|5|0
300|5|0|5|0
301|5|0|5|0
302|5|0|5|0
303|5|0|5|0
304|5|0|5|0
307|5|0|5|0
308|5|0|5|0
311|5|0|5|0
312|5|0|5|0
316|5|0|5|0
317|5|0|5|0
318|5|0|5|0
319|5|0|5|0
320|5|0|5|0
321|5|0|5|0
322|5|0|5|0
323|5|0|5|0
324|5|0|5|0
325|5|0|5|0
326|5|0|5|0
327|5|0|5|0
328|5|0|5|0
329|5|0|5|0
330|5|0|5|0
331|5|0|5|0
332|5|0|5|0
333|5|0|5|0
334|5|0|5|0
335|5|0|5|0
336|5|0|5|0
337|5|0|5|0
340|5|0|5|0
342|5|0|5|0
343|5|0|5|0
344|5|0|5|0
345|5|0|5|0
346|5|0|5|0
347|5|0|5|0
348|5|0|5|0
349|5|0|5|0
350|5|0|5|0
351|5|0|5|0
352|5|0|5|0
353|5|0|5|0
360|5|0|5|0
361|5|0|5|0
362|5|0|5|0
363|5|0|5|0
366|5|0|5|0
367|5|0|5|0
368|5|0|5|0
369|5|0|5|0
370|5|0|5|0
371|5|0|5|0
372|5|0|5|0
373|5|0|5|0
374|5|0|5|0
375|5|0|5|0
376|5|0|5|0
377|5|0|5|0
378|5|0|5|0
379|5|0|5|0
380|5|0|5|0
381|5|0|5|0
382|5|0|5|0
383|5|0|5|0
384|5|0|5|0
385|5|0|5|0
386|5|0|5|0
387|5|0|5|0
388|5|0|5|0
389|5|0|5|0
390|5|0|5|0
391|5|0|5|0
392|5|0|5|0
393|5|0|5|0
394|5|0|5|0
395|5|0|5|0
396|5|0|5|0
397|5|0|5|0
398|5|0|5|0
399|5|0|5|0
400|5|0|5|0
401|5|0|5|0
402|5|0|5|0
403|5|0|5|0
404|5|0|5|0
405|5|0|5|0
406|5|0|5|0
407|5|0|5|0
408|5|0|5|0
409|5|0|5|0
410|5|0|5|0
411|5|0|5|0
412|5|0|5|0
413|5|0|5|0
414|5|0|5|0
415|5|0|5|0
416|5|0|5|0
417|5|0|5|0
418|5|0|5|0
419|5|0|5|0
420|5|0|5|0
421|5|0|5|0
422|5|0|5|0
423|5|0|5|0
424|5|0|5|0
428|5|0|5|0
429|5|0|5|0
430|5|0|5|0
431|5|0|5|0
432|5|0|5|0
433|5|0|5|0
434|5|0|5|0
435|5|0|5|0
436|5|0|5|0
437|5|0|5|0
438|5|0|5|0
439|5|0|5|0
440|5|0|5|0
441|5|0|5|0
442|5|0|5|0
443|5|0|5|0
444|5|0|5|0
445|5|0|5|0
446|5|0|5|0
447|5|0|5|0
448|5|0|5|0
449|5|0|5|0
450|5|0|5|0
451|5|0|5|0
452|5|0|5|0
453|5|0|5|0
454|5|0|5|0
456|5|0|5|0
457|5|0|5|0
458|5|0|5|0
459|5|0|5|0
460|5|0|5|0
461|5|0|5|0
462|5|0|5|0
463|5|0|5|0
464|5|0|5|0
465|5|0|5|0
467|5|0|5|0
469|5|0|5|0
470|5|0|5|0
471|5|0|5|0
473|5|0|5|0
474|5|0|5|0
476|5|0|5|0
477|5|0|5|0
478|5|0|5|0
479|5|0|5|0
480|5|0|5|0
481|5|0|5|0
482|5|0|5|0
483|5|0|5|0
484|5|0|5|0
486|5|0|5|0
487|5|0|5|0
488|5|0|5|0
489|5|0|5|0
490|5|0|5|0
491|5|0|5|0
492|5|0|5|0
493|5|0|5|0
497|5|0|5|0
498|5|0|5|0
499|5|0|5|0
500|5|0|5|0
501|5|0|5|0
502|5|0|5|0
503|5|0|5|0
504|5|0|5|0
505|5|0|5|0
506|5|0|5|0
507|5|0|5|0
509|5|0|5|0
510|5|0|5|0
511|5|0|5|0
512|5|0|5|0
513|5|0|5|0
514|5|0|5|0
515|5|0|5|0
516|5|0|5|0
517|5|0|5|0
518|5|0|5|0
519|5|0|5|0
520|5|0|5|0
521|5|0|5|0
522|5|0|5|0
523|5|0|5|0
524|5|0|5|0
525|5|0|5|0
526|5|0|5|0
528|5|0|5|0
529|5|0|5|0
531|5|0|5|0
532|5|0|5|0
533|5|0|5|0
534|5|0|5|0
536|5|0|5|0
537|5|0|5|0
539|5|0|5|0
541|5|0|5|0
542|5|0|5|0
547|5|0|5|0
551|5|0|5|0
552|5|0|5|0
555|5|0|5|0
556|5|0|5|0
559|5|0|5|0
560|5|0|5|0
561|5|0|5|0
562|5|0|5|0
563|5|0|5|0
564|5|0|5|0
565|5|0|5|0
566|5|0|5|0
567|5|0|5|0
571|5|0|5|0
572|5|0|5|0
573|5|0|5|0
574|5|0|5|0
575|5|0|5|0
576|5|0|5|0
577|5|0|5|0
578|5|0|5|0
579|5|0|5|0
580|5|0|5|0
582|5|0|5|0
583|5|0|5|0
584|5|0|5|0
585|5|0|5|0
587|5|0|5|0
588|5|0|5|0
589|5|0|5|0
590|5|0|5|0
592|5|0|5|0
593|5|0|5|0
594|5|0|5|0
595|5|0|5|0
596|5|0|5|0
597|5|0|5|0
598|5|0|5|0
599|5|0|5|0
601|5|0|5|0
602|5|0|5|0
603|5|0|5|0
604|5|0|5|0
605|5|0|5|0
606|5|0|5|0
607|5|0|5|0
608|5|0|5|0
609|5|0|5|0
610|5|0|5|0
611|5|0|5|0
612|5|0|5|0
613|5|0|5|0
614|5|0|5|0
615|5|0|5|0
616|5|0|5|0
617|5|0|5|0
618|5|0|5|0
619|5|0|5|0
620|5|0|5|0
621|5|0|5|0
622|5|0|5|0
623|5|0|5|0
624|5|0|5|0
625|5|0|5|0
626|5|0|5|0
627|5|0|5|0
628|5|0|5|0
629|5|0|5|0
630|5|0|5|0
631|5|0|5|0
632|5|0|5|0
633|5|0|5|0
634|5|0|5|0
636|5|0|5|0
637|5|0|5|0
638|5|0|5|0
639|5|0|5|0
640|5|0|5|0
641|5|0|5|0
642|5|0|5|0
643|5|0|5|0
645|5|0|5|0
648|5|0|5|0
649|5|0|5|0
650|5|0|5|0
651|5|0|5|0
652|5|0|5|0
653|5|0|5|0
654|5|0|5|0
655|5|0|5|0
656|5|0|5|0
657|5|0|5|0
658|5|0|5|0
659|5|0|5|0
660|5|0|5|0
661|5|0|5|0
662|5|0|5|0
663|5|0|5|0
664|5|0|5|0
665|5|0|5|0
666|5|0|5|0
667|5|0|5|0
668|5|0|5|0
669|5|0|5|0
672|5|0|5|0
673|5|0|5|0
676|5|0|5|0
677|5|0|5|0
681|5|0|5|0
682|5|0|5|0
683|5|0|5|0
684|5|0|5|0
685|5|0|5|0
686|5|0|5|0
687|5|0|5|0
688|5|0|5|0
689|5|0|5|0
690|5|0|5|0
691|5|0|5|0
692|5|0|5|0
693|5|0|5|0
694|5|0|5|0
695|5|0|5|0
697|5|0|5|0
698|5|0|5|0
700|5|0|5|0
701|5|0|5|0
702|5|0|5|0
705|5|0|5|0
707|5|0|5|0
708|5|0|5|0
709|5|0|5|0
710|5|0|5|0
711|5|0|5|0
712|5|0|5|0
713|5|0|5|0
714|5|0|5|0
715|5|0|5|0
716|5|0|5|0
717|5|0|5|0
725|5|0|5|0
726|5|0|5|0
727|5|0|5|0
728|5|0|5|0
732|5|0|5|0
733|5|0|5|0
734|5|0|5|0
735|5|0|5|0
736|5|0|5|0
737|5|0|5|0
738|5|0|5|0
740|5|0|5|0
741|5|0|5|0
742|5|0|5|0
743|5|0|5|0
744|5|0|5|0
745|5|0|5|0
746|5|0|5|0
747|5|0|5|0
748|5|0|5|0
749|5|0|5|0
750|5|0|5|0
751|5|0|5|0
752|5|0|5|0
753|5|0|5|0
754|5|0|5|0
755|5|0|5|0
756|5|0|5|0
757|5|0|5|0
758|5|0|5|0
759|5|0|5|0
760|5|0|5|0
761|5|0|5|0
762|5|0|5|0
763|5|0|5|0
764|5|0|5|0
765|5|0|5|0
766|5|0|5|0
767|5|0|5|0
768|5|0|5|0
769|5|0|5|0
770|5|0|5|0
771|5|0|5|0
772|5|0|5|0
773|5|0|5|0
774|5|0|5|0
775|5|0|5|0
778|5|0|5|0
779|5|0|5|0
780|5|0|5|0
781|5|0|5|0
782|5|0|5|0
783|5|0|5|0
784|5|0|5|0
785|5|0|5|0
786|5|0|5|0
787|5|0|5|0
788|5|0|5|0
789|5|0|5|0
791|5|0|5|0
792|5|0|5|0
793|5|0|5|0
794|5|0|5|0
795|5|0|5|0
796|5|0|5|0
797|5|0|5|0
798|5|0|5|0
799|5|0|5|0
800|5|0|5|0
801|5|0|5|0
802|5|0|5|0
803|5|0|5|0
804|5|0|5|0
805|5|0|5|0
806|5|0|5|0
807|5|0|5|0
808|5|0|5|0
809|5|0|5|0
810|5|0|5|0
811|5|0|5|0
812|5|0|5|0
813|5|0|5|0
814|5|0|5|0
815|5|0|5|0
816|5|0|5|0
817|5|0|5|0
818|5|0|5|0
819|5|0|5|0
821|5|0|5|0
823|5|0|5|0
824|5|0|5|0
825|5|0|5|0
826|5|0|5|0
827|5|0|5|0
828|5|0|5|0
829|5|0|5|0
830|5|0|5|0
832|5|0|5|0
834|5|0|5|0
835|5|0|5|0
836|5|0|5|0
837|5|0|5|0
838|5|0|5|0
839|5|0|5|0
841|5|0|5|0
842|5|0|5|0
843|5|0|5|0
844|5|0|5|0
845|5|0|5|0
846|5|0|5|0
847|5|0|5|0
848|5|0|5|0
849|5|0|5|0
851|5|0|5|0
852|5|0|5|0
853|5|0|5|0
854|5|0|5|0
855|5|0|5|0
856|5|0|5|0
857|5|0|5|0
860|5|0|5|0
862|5|0|5|0
863|5|0|5|0
864|5|0|5|0
865|5|0|5|0
866|5|0|5|0
867|5|0|5|0
868|5|0|5|0
869|5|0|5|0
870|5|0|5|0
871|5|0|5|0
872|5|0|5|0
874|5|0|5|0
875|5|0|5|0
876|5|0|5|0
877|5|0|5|0
878|5|0|5|0
879|5|0|5|0
880|5|0|5|0
881|5|0|5|0
882|5|0|5|0
883|5|0|5|0
884|5|0|5|0
885|5|0|5|0
886|5|0|5|0
887|5|0|5|0
888|5|0|5|0
889|5|0|5|0
890|5|0|5|0
891|5|0|5|0
892|5|0|5|0
893|5|0|5|0
894|5|0|5|0
895|5|0|5|0
896|5|0|5|0
897|5|0|5|0
898|5|0|5|0
899|5|0|5|0
900|5|0|5|0
901|5|0|5|0
902|5|0|5|0
904|5|0|5|0
906|5|0|5|0
907|5|0|5|0
908|5|0|5|0
909|5|0|5|0
910|5|0|5|0
911|5|0|5|0
912|5|0|5|0
914|5|0|5|0
915|5|0|5|0
916|5|0|5|0
917|5|0|5|0
918|5|0|5|0
919|5|0|5|0
920|5|0|5|0
921|5|0|5|0
922|5|0|5|0
923|5|0|5|0
924|5|0|5|0
925|5|0|5|0
926|5|0|5|0
927|5|0|5|0
928|5|0|5|0
929|5|0|5|0
930|5|0|5|0
931|5|0|5|0
932|5|0|5|0
936|5|0|5|0
937|5|0|5|0
938|5|0|5|0
939|5|0|5|0
940|5|0|5|0
941|5|0|5|0
942|5|0|5|0
943|5|0|5|0
944|5|0|5|0
945|5|0|5|0
947|5|0|5|0
948|5|0|5|0
949|5|0|5|0
950|5|0|5|0
952|5|0|5|0
953|5|0|5|0
954|5|0|5|0
955|5|0|5|0
957|5|0|5|0
958|5|0|5|0
959|5|0|5|0
960|5|0|5|0
961|5|0|5|0
962|5|0|5|0
963|5|0|5|0
964|5|0|5|0
966|5|0|5|0
967|5|0|5|0
968|5|0|5|0
969|5|0|5|0
970|5|0|5|0
971|5|0|5|0
972|5|0|5|0
973|5|0|5|0
974|5|0|5|0
975|5|0|5|0
976|5|0|5|0
977|5|0|5|0
978|5|0|5|0
979|5|0|5|0
980|5|0|5|0
981|5|0|5|0
982|5|0|5|0
983|5|0|5|0
984|5|0|5|0
985|5|0|5|0
986|5|0|5|0
987|5|0|5|0
988|5|0|5|0
989|5|0|5|0
990|5|0|5|0
991|5|0|5|0
992|5|0|5|0
993|5|0|5|0
994|5|0|5|0
995|5|0|5|0
996|5|0|5|0
997|5|0|5|0
998|5|0|5|0
999|5|0|5|0
1001|5|0|5|0
1002|5|0|5|0
1003|5|0|5|0
1004|5|0|5|0
1005|5|0|5|0
1006|5|0|5|0
1007|5|0|5|0
1008|5|0|5|0
1010|5|0|5|0
1012|5|0|5|0
1013|5|0|5|0
1014|5|0|5|0
1015|5|0|5|0
1016|5|0|5|0
1017|5|0|5|0
1018|5|0|5|0
1019|5|0|5|0
1020|5|0|5|0
1021|5|0|5|0
1022|5|0|5|0
1023|5|0|5|0
1024|5|0|5|0
1025|5|0|5|0
1026|5|0|5|0
1027|5|0|5|0
1028|5|0|5|0
1029|5|0|5|0
1030|5|0|5|0
1031|5|0|5|0
1032|5|0|5|0
1033|5|0|5|0
1034|5|0|5|0
1037|5|0|5|0
1038|5|0|5|0
1041|5|0|5|0
1042|5|0|5|0
1046|5|0|5|0
1047|5|0|5|0
1048|5|0|5|0
1049|5|0|5|0
1050|5|0|5|0
1051|5|0|5|0
1052|5|0|5|0
1053|5|0|5|0
1054|5|0|5|0
1055|5|0|5|0
1056|5|0|5|0
1057|5|0|5|0
1058|5|0|5|0
1059|5|0|5|0
1061|5|0|5|0
1062|5|0|5|0
1064|5|0|5|0
1065|5|0|5|0
1066|5|0|5|0
1067|5|0|5|0
1070|5|0|5|0
1072|5|0|5|0
1073|5|0|5|0
1074|5|0|5|0
1075|5|0|5|0
1076|5|0|5|0
1077|5|0|5|0
1078|5|0|5|0
1079|5|0|5|0
1080|5|0|5|0
1081|5|0|5|0
1082|5|0|5|0
1083|5|0|5|0
1090|5|0|5|0
1091|5|0|5|0
1092|5|0|5|0
1093|5|0|5|0
1096|5|0|5|0
1097|5|0|5|0
1098|5|0|5|0
1099|5|0|5|0
1100|5|0|5|0
1101|5|0|5|0
1102|5|0|5|0
1103|5|0|5|0
1104|5|0|5|0
1105|5|0|5|0
1106|5|0|5|0
1107|5|0|5|0
1108|5|0|5|0
1109|5|0|5|0
1110|5|0|5|0
1111|5|0|5|0
1112|5|0|5|0
1113|5|0|5|0
1114|5|0|5|0
1115|5|0|5|0
1116|5|0|5|0
1117|5|0|5|0
1118|5|0|5|0
1119|5|0|5|0
1120|5|0|5|0
1121|5|0|5|0
1122|5|0|5|0
1123|5|0|5|0
1124|5|0|5|0
1125|5|0|5|0
1126|5|0|5|0
1127|5|0|5|0
1128|5|0|5|0
1129|5|0|5|0
1130|5|0|5|0
1131|5|0|5|0
1132|5|0|5|0
1135|5|0|5|0
1136|5|0|5|0
1137|5|0|5|0
1138|5|0|5|0
1139|5|0|5|0
1140|5|0|5|0
1141|5|0|5|0
1142|5|0|5|0
1143|5|0|5|0
1144|5|0|5|0
1145|5|0|5|0
1146|5|0|5|0
1147|5|0|5|0
1148|5|0|5|0
1149|5|0|5|0
1150|5|0|5|0
1151|5|0|5|0
1152|5|0|5|0
1153|5|0|5|0
1154|5|0|5|0
1155|5|0|5|0
1157|5|0|5|0
1158|5|0|5|0
1159|5|0|5|0
1160|5|0|5|0
1161|5|0|5|0
1162|5|0|5|0
1163|5|0|5|0
1164|5|0|5|0
1165|5|0|5|0
1166|5|0|5|0
1167|5|0|5|0
1168|5|0|5|0
1169|5|0|5|0
1170|5|0|5|0
1171|5|0|5|0
1172|5|0|5|0
1173|5|0|5|0
1174|5|0|5|0
1175|5|0|5|0
1176|5|0|5|0
1177|5|0|5|0
1178|5|0|5|0
1180|5|0|5|0
1181|5|0|5|0
1182|5|0|5|0
1183|5|0|5|0
1184|5|0|5|0
1185|5|0|5|0
1187|5|0|5|0
1188|5|0|5|0
1189|5|0|5|0
1190|5|0|5|0
1191|5|0|5|0
1192|5|0|5|0
1193|5|0|5|0
1194|5|0|5|0
1195|5|0|5|0
1196|5|0|5|0
1198|5|0|5|0
1200|5|0|5|0
1232|5|0|5|0
1233|5|0|5|0
1234|5|0|5|0
1235|5|0|5|0
1236|5|0|5|0
1237|5|0|5|0
1238|5|0|5|0
1240|5|0|5|0
1241|5|0|5|0
1243|5|0|5|0
1244|5|0|5|0
1245|5|0|5|0
1246|5|0|5|0
1247|5|0|5|0
1248|5|0|5|0
1249|5|0|5|0
1250|5|0|5|0
1251|5|0|5|0
1252|5|0|5|0
1253|5|0|5|0
1254|5|0|5|0
1255|5|0|5|0
1256|5|0|5|0
1257|5|0|5|0
1258|5|0|5|0
1259|5|0|5|0
1260|5|0|5|0
1261|5|0|5|0
1262|5|0|5|0
1263|5|0|5|0
1264|5|0|5|0
1265|5|0|5|0
1266|5|0|5|0
1267|5|0|5|0
1268|5|0|5|0
1270|5|0|5|0
1272|5|0|5|0
1273|5|0|5|0
1274|5|0|5|0
1275|5|0|5|0
1276|5|0|5|0
1277|5|0|5|0
1278|5|0|5|0
1280|5|0|5|0
1281|5|0|5|0
1282|5|0|5|0
1283|5|0|5|0
1284|5|0|5|0
1285|5|0|5|0
1286|5|0|5|0
1287|5|0|5|0
1288|5|0|5|0
1289|5|0|5|0
1290|5|0|5|0
1291|5|0|5|0
1292|5|0|5|0
1293|5|0|5|0
1294|5|0|5|0
1295|5|0|5|0
1296|5|0|5|0
1297|5|0|5|0
1298|5|0|5|0
1302|5|0|5|0
1303|5|0|5|0
1304|5|0|5|0
1305|5|0|5|0
1306|5|0|5|0
1307|5|0|5|0
1308|5|0|5|0
1309|5|0|5|0
1310|5|0|5|0
1311|5|0|5|0
1313|5|0|5|0
1314|5|0|5|0
1315|5|0|5|0
1316|5|0|5|0
1318|5|0|5|0
1320|5|0|5|0
1321|5|0|5|0
1323|5|0|5|0
1324|5|0|5|0
1325|5|0|5|0
1326|5|0|5|0
1327|5|0|5|0
1328|5|0|5|0
1329|5|0|5|0
1330|5|0|5|0
1332|5|0|5|0
1333|5|0|5|0
1334|5|0|5|0
1335|5|0|5|0
1336|5|0|5|0
1337|5|0|5|0
1338|5|0|5|0
1339|5|0|5|0
1340|5|0|5|0
1341|5|0|5|0
1342|5|0|5|0
1343|5|0|5|0
1344|5|0|5|0
1345|5|0|5|0
1346|5|0|5|0
1347|5|0|5|0
1348|5|0|5|0
1349|5|0|5|0
1350|5|0|5|0
1351|5|0|5|0
1352|5|0|5|0
1353|5|0|5|0
1354|5|0|5|0
1355|5|0|5|0
1356|5|0|5|0
1357|5|0|5|0
1358|5|0|5|0
1359|5|0|5|0
1360|5|0|5|0
1361|5|0|5|0
1362|5|0|5|0
1363|5|0|5|0
1364|5|0|5|0
1365|5|0|5|0
1367|5|0|5|0
1368|5|0|5|0
1369|5|0|5|0
1370|5|0|5|0
1371|5|0|5|0
1372|5|0|5|0
1373|5|0|5|0
1374|5|0|5|0
1376|5|0|5|0
1378|5|0|5|0
1379|5|0|5|0
1380|5|0|5|0
1381|5|0|5|0
1382|5|0|5|0
1383|5|0|5|0
1384|5|0|5|0
1385|5|0|5|0
1386|5|0|5|0
1387|5|0|5|0
1388|5|0|5|0
1389|5|0|5|0
1390|5|0|5|0
1391|5|0|5|0
1392|5|0|5|0
1393|5|0|5|0
1394|5|0|5|0
1395|5|0|5|0
1396|5|0|5|0
1397|5|0|5|0
1398|5|0|5|0
1399|5|0|5|0
1400|5|0|5|0
1404|5|0|5|0
1407|5|0|5|0
1408|5|0|5|0
1412|5|0|5|0
1413|5|0|5|0
1414|5|0|5|0
1415|5|0|5|0
1416|5|0|5|0
1417|5|0|5|0
1418|5|0|5|0
1419|5|0|5|0
1420|5|0|5|0
1421|5|0|5|0
1422|5|0|5|0
1423|5|0|5|0
1425|5|0|5|0
1426|5|0|5|0
1428|5|0|5|0
1429|5|0|5|0
1430|5|0|5|0
1431|5|0|5|0
1432|5|0|5|0
1433|5|0|5|0
1436|5|0|5|0
1438|5|0|5|0
1439|5|0|5|0
1440|5|0|5|0
1441|5|0|5|0
1442|5|0|5|0
1443|5|0|5|0
1444|5|0|5|0
1445|5|0|5|0
1446|5|0|5|0
1447|5|0|5|0
1448|5|0|5|0
1449|5|0|5|0
1456|5|0|5|0
1457|5|0|5|0
1458|5|0|5|0
1459|5|0|5|0
1463|5|0|5|0
1464|5|0|5|0
1465|5|0|5|0
1466|5|0|5|0
1467|5|0|5|0
1468|5|0|5|0
1469|5|0|5|0
1470|5|0|5|0
1471|5|0|5|0
1472|5|0|5|0
1473|5|0|5|0
1474|5|0|5|0
1475|5|0|5|0
1476|5|0|5|0
1477|5|0|5|0
1478|5|0|5|0
1479|5|0|5|0
1480|5|0|5|0
1481|5|0|5|0
1482|5|0|5|0
1483|5|0|5|0
1484|5|0|5|0
1485|5|0|5|0
1486|5|0|5|0
1487|5|0|5|0
1488|5|0|5|0
1489|5|0|5|0
1490|5|0|5|0
1491|5|0|5|0
1492|5|0|5|0
1493|5|0|5|0
1494|5|0|5|0
1495|5|0|5|0
1496|5|0|5|0
1497|5|0|5|0
1498|5|0|5|0
1499|5|0|5|0
1500|5|0|5|0
1501|5|0|5|0
1502|5|0|5|0
1503|5|0|5|0
1504|5|0|5|0
1505|5|0|5|0
1506|5|0|5|0
1507|5|0|5|0
1508|5|0|5|0
1509|5|0|5|0
1510|5|0|5|0
1511|5|0|5|0
1512|5|0|5|0
1513|5|0|5|0
1514|5|0|5|0
1515|5|0|5|0
1516|5|0|5|0
1517|5|0|5|0
1520|5|0|5|0
1522|5|0|5|0
1523|5|0|5|0
1524|5|0|5|0
1525|5|0|5|0
1526|5|0|5|0
1527|5|0|5|0
1528|5|0|5|0
1529|5|0|5|0
1530|5|0|5|0
1531|5|0|5|0
1532|5|0|5|0
1533|5|0|5|0
1534|5|0|5|0
1535|5|0|5|0
1536|5|0|5|0
1537|5|0|5|0
1538|5|0|5|0
1539|5|0|5|0
1540|5|0|5|0
1541|5|0|5|0
1542|5|0|5|0
1543|5|0|5|0
1544|5|0|5|0
1545|5|0|5|0
1546|5|0|5|0
1547|5|0|5|0
1548|5|0|5|0
1549|5|0|5|0
1550|5|0|5|0
1552|5|0|5|0
1553|5|0|5|0
1554|5|0|5|0
1555|5|0|5|0
1556|5|0|5|0
1557|5|0|5|0
1558|5|0|5|0
1559|5|0|5|0
1560|5|0|5|0
1561|5|0|5|0
1565|5|0|5|0
1566|5|0|5|0
1567|5|0|5|0
1568|5|0|5|0
1569|5|0|5|0
1570|5|0|5|0
1572|5|0|5|0
1573|5|0|5|0
1574|5|0|5|0
1575|5|0|5|0
1576|5|0|5|0
1577|5|0|5|0
1578|5|0|5|0
1579|5|0|5|0
1580|5|0|5|0
1582|5|0|5|0
1583|5|0|5|0
1584|5|0|5|0
1585|5|0|5|0
1586|5|0|5|0
1587|5|0|5|0
1588|5|0|5|0
1589|5|0|5|0
1590|5|0|5|0
1591|5|0|5|0
1595|5|0|5|0
1596|5|0|5|0
1597|5|0|5|0
1598|5|0|5|0
1599|5|0|5|0
1600|5|0|5|0
1601|5|0|5|0
1602|5|0|5|0
1603|5|0|5|0
1605|5|0|5|0
1607|5|0|5|0
1608|5|0|5|0
1609|5|0|5|0
1610|5|0|5|0
1611|5|0|5|0
1612|5|0|5|0
1613|5|0|5|0
1614|5|0|5|0
1615|5|0|5|0
1616|5|0|5|0
1617|5|0|5|0
1618|5|0|5|0
1619|5|0|5|0
1620|5|0|5|0
1621|5|0|5|0
1622|5|0|5|0
1623|5|0|5|0
1624|5|0|5|0
1625|5|0|5|0
1626|5|0|5|0
1627|5|0|5|0
1628|5|0|5|0
1629|5|0|5|0
1630|5|0|5|0
1631|5|0|5|0
1632|5|0|5|0
1633|5|0|5|0
1635|5|0|5|0
1637|5|0|5|0
1638|5|0|5|0
1639|5|0|5|0
1640|5|0|5|0
1641|5|0|5|0
1642|5|0|5|0
1643|5|0|5|0
1645|5|0|5|0
1646|5|0|5|0
1647|5|0|5|0
1648|5|0|5|0
1649|5|0|5|0
1650|5|0|5|0
1651|5|0|5|0
1652|5|0|5|0
1653|5|0|5|0
1654|5|0|5|0
1655|5|0|5|0
1656|5|0|5|0
1657|5|0|5|0
1658|5|0|5|0
1659|5|0|5|0
1660|5|0|5|0
1661|5|0|5|0
1662|5|0|5|0
1663|5|0|5|0
1667|5|0|5|0
1668|5|0|5|0
1669|5|0|5|0
1670|5|0|5|0
1671|5|0|5|0
1672|5|0|5|0
1673|5|0|5|0
1674|5|0|5|0
1675|5|0|5|0
1676|5|0|5|0
1678|5|0|5|0
1679|5|0|5|0
1680|5|0|5|0
1681|5|0|5|0
1684|5|0|5|0
1685|5|0|5|0
1686|5|0|5|0
1688|5|0|5|0
1689|5|0|5|0
1690|5|0|5|0
1691|5|0|5|0
1692|5|0|5|0
1693|5|0|5|0
1694|5|0|5|0
1695|5|0|5|0
1697|5|0|5|0
1698|5|0|5|0
1699|5|0|5|0
1700|5|0|5|0
1701|5|0|5|0
1702|5|0|5|0
1703|5|0|5|0
