96995|0|1093|0
99197|0|1067|0
103501|1|3008|0
103520|0|1028|0
103665|2|2712|1
105574|0|1045|0
105575|0|1045|0
105576|0|1045|0
105577|0|1045|0
105693|0|1034|0
105737|0|1044|0
105857|0|1092|0
106716|0|1032|0
108079|0|1030|0
108634|0|1075|0
108696|3|2636|1
108698|3|2644|1
108701|3|2644|1
108786|1|3044|0
108797|0|1004|0
108831|4|2416|1
108833|5|2502|1
108862|0|1062|0
108952|1|3024|0
111223|0|1034|0
111397|0|1072|0
112830|0|1044|0
114778|0|1016|0
114790|0|1004|0
114799|6|4126|0
114800|6|4126|0
115267|1|3034|0
115611|0|1014|0
115693|0|1040|0
115720|0|1084|0
115847|7|7034|0
115850|0|1004|0
115891|0|1016|0
115892|0|1016|0
115893|0|1016|0
115894|0|1016|0
116017|0|1072|0
116018|0|1072|0
116279|0|1056|0
116311|1|3090|0
119023|1|3026|0
119024|1|3026|0
119026|1|3026|0
119141|0|1042|0
119187|1|3044|0
119191|1|3044|0
119193|1|3044|0
119624|8|1122|0
121964|9|6810|0
122095|10|2124|1
122418|0|1004|0
122419|0|1004|0
122425|1|3020|0
123347|10|2114|1
123601|0|1072|0
123602|0|1072|0
123927|0|1026|0
125430|0|1016|0
127534|0|1032|0
127547|5|2502|1
129296|0|1032|0
129297|0|1032|0
129635|10|2112|1
129758|0|1032|0
129759|0|1032|0
153078|1|3008|0
153239|2|2712|1
153267|0|1096|0
153395|2|2704|1
153398|2|2708|1
155499|0|1013|0
155500|0|1014|0
155600|0|1034|0
155601|0|1034|0
155607|0|1034|0
155610|0|1034|0
155621|0|1062|0
155625|0|1092|0
157956|0|1030|0
158680|5|2502|1
158788|1|3044|0
158789|1|3044|0
158842|10|2124|1
158875|0|1026|0
158956|1|3038|0
159156|4|2416|1
159242|1|3026|0
161288|0|1072|0
162066|0|1048|0
164036|0|1048|0
164037|0|1048|0
164088|10|2116|1
164647|1|3032|0
165550|8|1124|0
165551|8|1124|0
165553|8|1124|0
165594|0|1014|0
165693|0|1066|0
165704|0|1016|0
165705|0|1016|0
165718|2|2718|1
165727|0|1032|0
165988|0|1072|0
167437|11|1236|0
168927|1|3026|0
168930|1|3026|0
168931|1|3026|0
168989|0|1028|0
169028|0|1040|0
169101|1|3044|0
169104|1|3044|0
170791|0|1080|0
171890|1|3004|0
172184|0|1058|0
172343|0|1004|0
172995|9|6824|0
173111|0|1058|0
173113|10|2114|1
174081|8|1136|0
176411|1|3016|0
177050|7|7034|0
177395|0|1032|0
179274|0|1032|0
179564|0|1032|0
179579|0|1032|0
179600|0|1006|0
179615|10|2112|1
205209|12|2302|1
205381|0|1034|0
205387|0|1034|0
205486|10|2124|1
205557|0|1062|0
207857|0|1010|0
208384|5|2502|1
208386|5|2502|1
208426|3|2632|1
208498|1|3044|0
208514|0|1010|0
208530|13|2226|0
208539|4|2412|1
208659|0|1078|0
208699|0|1034|0
209085|1|3026|0
210520|11|1236|0
210798|0|1074|0
211203|0|1072|0
211205|0|1072|0
211206|0|1072|0
211999|0|1036|0
212550|0|1036|0
212552|0|1044|0
213066|0|1074|0
213652|0|1048|0
213653|0|1048|0
213788|0|1096|0
214381|1|3032|0
214859|1|3032|0
214860|1|3032|0
214862|1|3034|0
215303|0|1026|0
215304|0|1026|0
215327|0|1040|0
215331|0|1040|0
215332|0|1040|0
215352|0|1016|0
215356|0|1016|0
215370|2|2718|1
215468|7|7034|0
215896|0|1044|0
217827|0|1045|0
218726|1|3044|0
218728|1|3044|0
219147|8|1122|0
219150|8|1122|0
219152|8|1122|0
220432|0|1080|0
220435|0|1080|0
220613|3|2632|1
221506|1|3046|0
222879|0|1058|0
222975|0|1072|0
223068|0|1030|0
223136|0|1072|0
223434|0|1032|0
223463|0|1026|0
224081|1|3022|0
226126|1|3018|0
226857|0|1035|0
227111|5|2502|1
227728|10|2104|1
229368|0|1086|0
246052|0|1039|0
250782|14|6155|0
252698|15|2806|1
252970|1|3008|0
252972|1|3008|0
253103|2|2712|1
253145|0|1096|0
255161|0|1034|0
255198|0|1044|0
255199|0|1044|0
255202|0|1045|0
257847|8|1120|0
257848|8|1120|0
258268|5|2502|1
258376|1|3044|0
258395|0|1002|0
258396|0|1010|0
258411|13|2218|0
258537|1|3038|0
260628|2|2708|1
260669|0|1034|0
260893|0|1072|0
261052|0|1072|0
261053|0|1072|0
261700|0|1048|0
262358|0|1044|0
262991|0|1034|0
263583|0|1074|0
264299|1|3032|0
264300|1|3032|0
264305|6|4126|0
264452|1|3024|0
264576|13|2220|0
264751|1|3032|0
264752|1|3034|0
264753|1|3034|0
265086|8|1124|0
265237|0|1060|0
265254|0|1016|0
265257|0|1016|0
265258|0|1016|0
265266|16|2986|1
265279|2|2718|1
265382|7|7034|0
265559|0|1072|0
265672|0|1056|0
265700|1|3090|0
268440|1|3026|0
268443|1|3026|0
268446|1|3026|0
268623|1|3044|0
268662|0|1028|0
268664|0|1028|0
268676|0|1062|0
268834|0|1056|0
269029|8|1122|0
269036|8|1122|0
269084|2|2720|1
269286|1|3014|0
269287|1|3014|0
270522|9|6806|0
271478|10|2124|1
271479|10|2124|1
273528|6|4114|0
273859|0|1044|0
275823|1|3018|0
275826|1|3018|0
276560|0|1087|0
278806|0|1032|0
279125|0|1032|0
279137|0|1086|0
279157|10|2112|1
279494|0|1062|0
302824|1|3008|0
302952|2|2712|1
302995|0|1084|0
302997|0|1096|0
302998|0|1096|0
305074|0|1044|0
305079|0|1044|0
305080|0|1045|0
305081|0|1045|0
305227|0|1013|0
305229|0|1014|0
305234|0|1044|0
305237|0|1044|0
305341|0|1092|0
305344|0|1092|0
305345|0|1092|0
307740|1|3015|0
308085|8|1124|0
308726|0|1084|0
308766|1|3026|0
308916|1|3004|0
308924|1|3004|0
310644|2|2702|1
310647|2|2708|1
310671|0|1034|0
310790|0|1034|0
311954|1|3006|0
311994|2|2752|1
312113|2|2720|1
312317|9|6810|0
312324|0|1044|0
312596|0|1035|0
313094|0|1042|0
313641|0|1074|0
314384|0|1004|0
314393|1|3032|0
314570|1|3024|0
314879|1|3034|0
314880|1|3034|0
314881|1|3034|0
315176|8|1124|0
315178|8|1124|0
315179|8|1124|0
315180|8|1124|0
315220|0|1014|0
315221|0|1014|0
315277|0|1040|0
315279|0|1040|0
315320|0|1066|0
315322|0|1084|0
315460|0|1016|0
315463|11|1236|0
315473|2|2718|1
315474|2|2718|1
315712|0|1072|0
315713|0|1072|0
315753|0|1030|0
317147|1|3014|0
317285|11|1236|0
318787|0|1040|0
318847|1|3026|0
318932|3|2644|1
318935|3|2652|1
319093|3|2630|1
319094|3|2632|1
319095|3|2640|1
319272|8|1122|0
320681|0|1080|0
320682|0|1080|0
321798|1|3010|0
322094|1|3020|0
322095|1|3020|0
323013|0|1058|0
323217|0|1030|0
323227|0|1030|0
323921|6|4114|0
324206|1|3022|0
326951|0|1016|0
329070|0|1032|0
329071|0|1032|0
329361|0|1032|0
329362|0|1032|0
329364|0|1032|0
329365|0|1032|0
329397|10|2112|1
346065|0|1039|0
346066|0|1039|0
346406|0|1039|0
352513|1|3012|0
354918|0|1034|0
354919|0|1034|0
354922|0|1034|0
354964|0|1030|0
354971|0|1044|0
355090|0|1024|0
355091|0|1038|0
357961|5|2502|1
357962|5|2502|1
357963|5|2502|1
357996|3|2632|1
358096|0|1002|0
358100|0|1010|0
358134|10|2124|1
358231|1|3038|0
358232|1|3038|0
358264|0|1078|0
358272|10|2112|1
358515|0|1024|0
358519|0|1084|0
358561|1|3004|0
358564|1|3004|0
359913|2|2716|1
360313|2|2702|1
360314|2|2702|1
360703|0|1072|0
360704|0|1072|0
360705|0|1072|0
361502|0|1036|0
362035|0|1044|0
362548|0|1042|0
363049|6|4114|0
363868|0|1016|0
363889|0|1058|0
363895|1|3020|0
364413|1|3032|0
364606|0|1014|0
364724|0|1084|0
364738|8|1124|0
364829|0|1040|0
364832|0|1040|0
364834|0|1040|0
364865|11|1236|0
365138|0|1072|0
365139|0|1072|0
365140|0|1072|0
365264|1|3090|0
368136|0|1040|0
368139|0|1040|0
368140|0|1040|0
368213|10|2124|1
368260|0|1028|0
368270|0|1076|0
368419|3|2644|1
368424|0|1078|0
368624|8|1122|0
368628|8|1122|0
369432|0|1036|0
370042|0|1080|0
371130|1|3046|0
371218|10|2116|1
371434|0|1058|0
371437|1|3020|0
371438|1|3020|0
372369|10|2114|1
372480|0|1072|0
372924|0|1002|0
372937|0|1032|0
373152|6|4114|0
374464|0|1016|0
376194|0|1016|0
376427|5|2502|1
376483|16|2966|1
377978|17|1386|0
378330|0|1032|0
378332|0|1032|0
378685|10|2102|1
401817|0|1078|0
401911|1|3012|0
402136|1|3008|0
402174|0|1096|0
402175|0|1096|0
402299|2|2718|1
404332|0|1044|0
404333|0|1044|0
404334|0|1044|0
404336|0|1045|0
404439|0|1034|0
404442|0|1034|0
404454|0|1034|0
405304|0|1032|0
406965|1|3015|0
407499|5|2502|1
407500|5|2502|1
407533|3|2632|1
407542|3|2644|1
407552|3|2652|1
407608|1|3044|0
407769|1|3024|0
409738|2|2708|1
409739|2|2708|1
409904|0|1034|0
410150|7|7016|0
410257|0|1072|0
410866|16|2980|1
411487|1|3046|0
411555|0|1044|0
411557|0|1044|0
413557|0|1058|0
413986|1|3032|0
413987|1|3034|0
414305|8|1124|0
414353|0|1014|0
414354|0|1014|0
414421|0|1040|0
414425|0|1040|0
414426|0|1040|0
414454|0|1084|0
414455|0|1084|0
414478|2|2718|1
414620|0|1016|0
414621|0|1016|0
414623|0|1016|0
414750|0|1072|0
414752|0|1072|0
414888|1|3090|0
416252|0|1067|0
417763|1|3026|0
417765|1|3026|0
417835|0|1028|0
418024|3|2630|1
418025|3|2644|1
418026|3|2644|1
418235|8|1122|0
418238|8|1122|0
419729|3|2652|1
420720|10|2116|1
421066|0|1004|0
422452|0|1032|0
426155|16|2962|1
428054|0|1032|0
428394|0|1032|0
428488|1|3030|0
437609|0|1079|0
452022|0|1030|0
452078|1|3008|0
452079|1|3008|0
452212|2|2702|1
454326|0|1044|0
454413|0|1034|0
454414|0|1034|0
454416|0|1034|0
454426|0|1034|0
454589|0|1038|0
454593|0|1092|0
454596|0|1092|0
456870|0|1010|0
456875|1|3015|0
457424|5|2502|1
457425|5|2502|1
457471|3|2644|1
457556|0|1004|0
457574|13|2226|0
457688|1|3038|0
457727|10|2112|1
457928|4|2416|1
458029|1|3004|0
459762|2|2708|1
459801|0|1034|0
459804|0|1086|0
460804|0|1048|0
461432|9|6810|0
461752|0|1035|0
462673|0|1048|0
463458|1|3020|0
463598|1|3024|0
463816|1|3018|0
463901|1|3034|0
463903|1|3034|0
464112|0|1092|0
464263|0|1014|0
464302|0|1026|0
464333|0|1040|0
464334|0|1040|0
464336|0|1040|0
464339|0|1040|0
464356|0|1040|0
464374|8|1124|0
464385|2|2718|1
464536|0|1016|0
464906|0|1012|0
464907|0|1056|0
464940|1|3090|0
467808|1|3026|0
467887|0|1076|0
468057|3|2632|1
468058|3|2644|1
468265|8|1122|0
469643|0|1030|0
470624|1|3046|0
470625|1|3046|0
470760|1|3004|0
470762|1|3004|0
471980|0|1058|0
471985|10|2114|1
472314|0|1030|0
472526|0|1026|0
472645|0|1002|0
472658|0|1032|0
476261|5|2502|1
476707|10|2104|1
479200|0|1093|0
502067|0|1028|0
502182|2|2716|1
502224|0|1062|0
502227|0|1096|0
502230|0|1096|0
502331|2|2702|1
504457|0|1034|0
506717|0|1030|0
507354|3|2690|1
507457|13|2218|0
507478|5|2502|1
507479|5|2502|1
507641|10|2124|1
507867|0|1070|0
507870|0|1084|0
507927|1|3004|0
507958|4|2416|1
507969|4|2416|1
508069|1|3026|0
508947|10|2112|1
509872|0|1086|0
509877|7|7034|0
510052|0|1072|0
510054|0|1072|0
510055|0|1072|0
510057|0|1072|0
511172|2|2712|1
511394|9|6810|0
511397|0|1044|0
513379|6|4126|0
513853|1|3034|0
513855|1|3034|0
514144|0|1060|0
514149|0|1066|0
514172|8|1124|0
514242|0|1026|0
514327|16|2986|1
514444|7|7034|0
514445|7|7034|0
514446|7|7034|0
514597|0|1012|0
514729|0|1048|0
514730|0|1056|0
514757|1|3090|0
517615|0|1074|0
517903|3|2632|1
517904|3|2636|1
517905|3|2636|1
517906|3|2644|1
517909|3|2690|1
518091|8|1122|0
518094|8|1122|0
519560|3|2662|1
519718|3|2636|1
521818|0|1058|0
522383|0|1002|0
522721|1|3016|0
522941|0|1002|0
523054|7|7034|0
525887|0|1032|0
525902|5|2502|1
527757|0|1032|0
546043|1|3005|0
551893|1|3008|0
552050|2|2716|1
554047|0|1044|0
554048|0|1044|0
554049|0|1045|0
554143|0|1034|0
554144|0|1034|0
554145|0|1034|0
554152|0|1034|0
556698|8|1120|0
557241|13|2226|0
557256|5|2502|1
557257|5|2502|1
557285|3|2630|1
557286|3|2632|1
557289|3|2632|1
557305|3|2652|1
557408|10|2142|1
557420|16|2960|1
557810|0|1084|0
558730|10|2112|1
559044|2|2716|1
559493|2|2702|1
559494|2|2708|1
559680|0|1034|0
559682|0|1086|0
559870|0|1072|0
559872|0|1072|0
559873|0|1072|0
562568|0|1096|0
563654|1|3034|0
563966|8|1124|0
564110|0|1066|0
564272|0|1016|0
564274|0|1016|0
564287|2|2718|1
564288|2|2718|1
564533|0|1012|0
564534|0|1012|0
567517|1|3026|0
567579|0|1028|0
567588|0|1062|0
567623|0|1040|0
567644|0|1042|0
567750|0|1056|0
567778|3|2630|1
567779|3|2632|1
567781|3|2636|1
567787|0|1078|0
568133|8|1122|0
570869|0|1034|0
570870|0|1086|0
570917|0|1054|0
570922|1|3020|0
572838|1|3022|0
573832|0|1016|0
574898|1|3018|0
575630|0|1035|0
575675|0|1016|0
575863|0|1032|0
575875|5|2502|1
575876|5|2502|1
577740|0|1032|0
577741|0|1032|0
577743|0|1032|0
577745|0|1032|0
578097|10|2102|1
578467|0|1062|0
579759|0|1014|0
580929|0|1004|0
581078|1|3038|0
581742|0|1072|0
582863|12|2302|1
582864|12|2302|1
582865|12|2302|1
583795|12|2302|1
583797|12|2302|1
583799|12|2302|1
583868|12|2302|1
583925|12|2302|1
583927|12|2302|1
583931|12|2302|1
583968|12|2302|1
583973|12|2302|1
583975|12|2302|1
583977|12|2302|1
583978|12|2302|1
583985|12|2302|1
584026|12|2302|1
584027|12|2302|1
584028|12|2302|1
584030|12|2302|1
584032|12|2302|1
584076|12|2302|1
584077|12|2302|1
584078|12|2302|1
584099|12|2302|1
584101|12|2302|1
584103|12|2302|1
584123|12|2302|1
584125|12|2302|1
584126|12|2302|1
584129|12|2302|1
584188|12|2302|1
584246|12|2302|1
586423|0|1056|0
586823|1|3046|0
586824|1|3090|0
586911|6|4114|0
586967|6|4122|0
586969|0|1004|0
587069|0|1004|0
587104|12|2302|1
587156|1|3026|0
587157|12|2302|1
587186|1|3026|0
589403|15|2850|1
592801|10|2114|1
592942|0|1030|0
594045|2|2718|1
598414|0|1032|0
598492|0|1032|0
603255|0|1030|0
608035|1|3044|0
617092|5|2502|1
617096|5|2502|1
617103|5|2502|1
617113|5|2502|1
617548|6|4122|0
617763|18|4222|0
619965|3|2636|1
619969|0|1014|0
621300|0|1040|0
622958|0|1014|0
623316|12|2302|1
623317|12|2302|1
623330|0|1033|0
627263|0|1026|0
627885|0|1030|0
627887|0|1030|0
633735|12|2306|1
633977|12|2306|1
633996|12|2306|1
633997|12|2306|1
634008|12|2306|1
634009|12|2306|1
634010|12|2306|1
634014|12|2306|1
634015|12|2306|1
634054|12|2306|1
636846|0|1028|0
637016|0|1078|0
638240|1|3020|0
638296|0|1062|0
638308|0|1062|0
638327|0|1084|0
638977|0|1045|0
638978|0|1045|0
639586|0|1004|0
640286|17|1336|0
641042|0|1026|0
641627|0|1002|0
645294|0|1074|0
648313|1|3020|0
651326|0|1036|0
651523|0|1004|0
651525|0|1004|0
655427|1|3020|0
655744|7|7016|0
655749|0|1096|0
655840|7|7034|0
657869|0|1004|0
658608|1|3004|0
658609|1|3004|0
660310|2|2752|1
660311|2|2752|1
660312|2|2752|1
660318|2|2756|1
660319|2|2756|1
660320|2|2756|1
660321|2|2756|1
660323|2|2756|1
660502|0|1004|0
660503|10|2124|1
661582|17|1330|0
663084|0|1004|0
664537|0|1026|0
664539|6|4126|0
664543|6|4126|0
664545|6|4126|0
668752|1|3016|0
668753|1|3016|0
668754|1|3016|0
671039|8|1122|0
671051|3|2630|1
671055|3|2632|1
671062|3|2636|1
671066|3|2636|1
671067|3|2636|1
671068|3|2636|1
671076|3|2644|1
671079|3|2644|1
671083|3|2644|1
671084|3|2644|1
671684|3|2644|1
671699|3|2662|1
671706|3|2664|1
671708|3|2664|1
671908|3|2636|1
673306|0|1072|0
673415|3|2632|1
673496|18|4214|0
675524|16|2956|1
679442|8|1120|0
679602|2|2712|1
679603|2|2712|1
679604|2|2712|1
679926|5|2502|1
681606|10|2112|1
682321|1|3028|0
682884|1|3004|0
683720|0|1062|0
683721|0|1062|0
683722|0|1062|0
683723|0|1062|0
686034|8|1122|0
686035|8|1122|0
686036|1|3026|0
687549|0|1062|0
688279|17|1338|0
691945|1|3026|0
692104|1|3014|0
692105|1|3014|0
692106|1|3014|0
692531|0|1040|0
692537|0|1040|0
695758|15|2802|1
696183|2|2702|1
698642|0|1045|0
698643|0|1045|0
699686|12|2302|1
699687|12|2302|1
699688|12|2302|1
699689|12|2302|1
699692|12|2302|1
699693|12|2302|1
699703|12|2302|1
699745|15|2802|1
700607|0|1096|0
700609|13|2220|0
700610|13|2220|0
716241|1|3020|0
716242|1|3020|0
716245|1|3020|0
716250|8|1120|0
716958|18|4254|0
723184|10|2116|1
723210|10|2124|1
724003|0|1026|0
724359|16|2956|1
724360|2|2722|1
724403|2|2722|1
724498|0|1028|0
729337|0|1027|0
730258|8|1122|0
730259|8|1122|0
732006|3|2642|1
732007|3|2642|1
736128|2|2722|1
738219|1|3026|0
740713|1|3032|0
740714|1|3032|0
740722|1|3026|0
740723|1|3026|0
740726|0|1072|0
740728|0|1072|0
740729|0|1072|0
741201|15|2854|1
741922|0|1028|0
742735|6|4126|0
742738|6|4126|0
743494|1|3022|0
743496|13|2222|0
743497|13|2222|0
749421|0|1010|0
749720|0|1010|0
749729|0|1010|0
750855|0|1062|0
750856|0|1062|0
750857|0|1062|0
751759|1|3014|0
752167|0|1030|0
752987|10|2116|1
754103|0|1072|0
757880|0|1004|0
757888|1|3032|0
757889|1|3032|0
758861|10|2116|1
759651|6|4126|0
759657|7|7016|0
759694|0|1070|0
759697|8|1124|0
759698|8|1124|0
759890|1|3016|0
759893|1|3032|0
759894|6|4126|0
760319|4|2416|1
762405|1|3030|0
764438|0|1072|0
764439|0|1072|0
765092|4|2416|1
765517|0|1060|0
765518|0|1060|0
765519|0|1084|0
765520|0|1084|0
766493|0|1005|0
767183|0|1039|0
767184|0|1039|0
769312|1|3020|0
769314|1|3020|0
770447|0|1016|0
770449|0|1016|0
770453|0|1016|0
770456|0|1016|0
770461|0|1030|0
770463|8|1120|0
770511|0|1062|0
771156|1|3034|0
771157|1|3034|0
776057|0|1087|0
776622|11|1236|0
779122|11|1236|0
781794|13|2228|0
781796|13|2228|0
781797|13|2228|0
781798|13|2228|0
781936|12|2302|1
783243|0|1016|0
787426|1|3014|0
788172|1|3004|0
788708|13|2238|0
789223|1|3046|0
789224|1|3046|0
789904|10|2102|1
789905|10|2102|1
789906|10|2102|1
789907|10|2102|1
793341|1|3020|0
793345|6|4126|0
793346|6|4126|0
794245|0|1010|0
795610|13|2220|0
795611|13|2220|0
795612|13|2220|0
796394|1|3046|0
796395|1|3046|0
796396|1|3046|0
799461|0|1060|0
800958|1|3022|0
801217|1|3034|0
801934|1|3016|0
802831|0|1045|0
802832|0|1045|0
802833|0|1045|0
803101|1|3060|0
804098|15|2854|1
804503|0|1004|0
804932|8|1122|0
804974|0|1060|0
805310|8|1122|0
805311|8|1122|0
805321|0|1060|0
805788|0|1028|0
807493|8|1124|0
807495|8|1124|0
809183|10|2124|1
809184|10|2124|1
809882|2|2708|1
812716|17|1318|0
812725|1|3040|0
812726|1|3034|0
812728|17|1320|0
812735|0|1004|0
812751|17|1318|0
812757|17|1318|0
812769|17|1318|0
813167|13|2214|0
813760|0|1072|0
813769|16|2986|1
813770|16|2986|1
816606|6|4126|0
816679|12|2302|1
818588|19|6706|0
818590|19|6706|0
819194|0|1002|0
819195|0|1002|0
819206|12|2304|1
819209|12|2304|1
819227|12|2304|1
819228|12|2304|1
819230|12|2304|1
819231|12|2304|1
819932|8|1122|0
819933|8|1122|0
819934|8|1122|0
820003|12|2304|1
820006|12|2304|1
820500|19|6706|0
820645|0|1004|0
821186|8|1124|0
823245|2|2708|1
827911|0|1096|0
828204|0|1060|0
828630|3|2636|1
828632|3|2644|1
829389|0|1025|0
829414|1|3046|0
829658|0|1034|0
830624|1|3032|0
830625|1|3032|0
830749|0|1074|0
830797|0|1074|0
830806|2|2716|1
830829|0|1006|0
833395|6|4126|0
833396|6|4126|0
833644|0|1034|0
838215|10|2124|1
838216|10|2124|1
838217|10|2124|1
838400|10|2102|1
838406|10|2124|1
838407|10|2124|1
838408|10|2124|1
838409|10|2124|1
838412|10|2128|1
838413|10|2128|1
838415|10|2128|1
838832|0|1016|0
838842|0|1028|0
838844|0|1058|0
838875|0|1042|0
839362|8|1124|0
839363|8|1124|0
839364|8|1124|0
839367|8|1124|0
839544|10|2142|1
839545|10|2142|1
841197|2|2708|1
841514|0|1072|0
841570|0|1070|0
841583|0|1014|0
841607|1|3024|0
841612|1|3038|0
841614|1|3038|0
841667|10|2128|1
841841|0|1072|0
841842|0|1072|0
843411|6|4126|0
843459|0|1060|0
843462|3|2636|1
843585|0|1016|0
843589|6|4126|0
843607|0|1042|0
843608|0|1042|0
843609|0|1042|0
843610|0|1042|0
844017|3|2632|1
844019|3|2662|1
844793|1|3034|0
844795|1|3034|0
846163|20|6920|0
846565|1|3014|0
847569|0|1062|0
847575|0|1006|0
847859|8|1122|0
847863|0|1058|0
847894|2|2708|1
848765|0|1058|0
848953|1|3016|0
849080|10|2116|1
849095|10|2116|1
849098|10|2116|1
849135|10|2124|1
849136|10|2124|1
849139|10|2124|1
849142|10|2130|1
849312|10|2130|1
849941|12|2302|1
850333|0|1084|0
850334|0|1084|0
850388|13|2226|0
850389|13|2226|0
850460|0|1008|0
850542|1|3029|0
850545|1|3035|0
851982|6|4114|0
852110|1|3038|0
852620|1|3024|0
852934|13|2228|0
852937|13|2228|0
852938|13|2228|0
853195|1|3014|0
853196|1|3014|0
856687|0|1030|0
856688|0|1030|0
857324|2|2750|1
857327|2|2752|1
857331|2|2756|1
857332|2|2756|1
858872|2|2704|1
859529|0|1006|0
859932|1|3022|0
859966|10|2116|1
860548|10|2142|1
860549|10|2142|1
862213|10|2116|1
862454|0|1088|0
864288|1|3044|0
864290|16|2962|1
864508|0|1048|0
864510|0|1048|0
864511|0|1048|0
865147|6|4114|0
865155|0|1058|0
866927|3|2632|1
867850|1|3034|0
868529|0|1088|0
869837|0|1034|0
870544|6|4126|0
870545|6|4126|0
870546|6|4126|0
870938|10|2124|1
871118|3|2662|1
871421|8|1124|0
871511|2|2750|1
871512|2|2752|1
871513|2|2756|1
871514|2|2784|1
871600|0|1096|0
872306|0|1034|0
872307|0|1034|0
872308|0|1034|0
872309|0|1034|0
872310|0|1034|0
872317|0|1040|0
873687|6|4126|0
874593|0|1016|0
874598|0|1030|0
874990|1|3008|0
875604|0|1026|0
876223|0|1010|0
876224|0|1010|0
876225|0|1014|0
876226|0|1014|0
876663|0|1004|0
877513|1|3020|0
877514|1|3020|0
878715|0|1040|0
881701|0|1042|0
881910|0|1042|0
881911|0|1042|0
881912|0|1042|0
882624|10|2116|1
883336|1|3020|0
884878|8|1124|0
885543|16|2966|1
885553|0|1034|0
886067|8|1120|0
886396|0|1042|0
886398|0|1042|0
888063|17|1302|0
888630|13|2228|0
888682|2|2752|1
888689|2|2752|1
888761|3|2646|1
888763|3|2646|1
890213|0|1026|0
890214|0|1026|0
890215|0|1026|0
890371|0|1002|0
890372|0|1002|0
890374|0|1002|0
890375|0|1002|0
890825|0|1060|0
892076|0|1010|0
895291|4|2416|1
897348|3|2644|1
898656|10|2116|1
900196|10|2102|1
902198|5|2502|1
902200|5|2502|1
902202|5|2502|1
902839|0|1060|0
903283|4|2416|1
903284|4|2416|1
903285|4|2416|1
903286|4|2416|1
903955|8|1122|0
906979|8|1120|0
906980|8|1120|0
906981|8|1120|0
907671|17|1318|0
907684|8|1120|0
907686|8|1120|0
908741|20|6918|0
909361|13|2222|0
910928|0|1034|0
911429|0|1016|0
911871|1|3020|0
911989|1|3038|0
911990|1|3038|0
913102|8|1124|0
913363|1|3038|0
913364|1|3038|0
913521|1|3046|0
913526|2|2722|1
913964|0|1036|0
913966|0|1036|0
913967|0|1036|0
913968|0|1036|0
915310|6|4126|0
915351|10|2128|1
915810|10|2108|1
915821|20|6918|0
915822|20|6918|0
915980|8|1122|0
916885|1|3024|0
916886|1|3024|0
916887|1|3024|0
920607|0|1092|0
921042|6|4114|0
926958|0|1026|0
928477|1|3046|0
929627|0|1045|0
929893|0|1094|0
930247|0|1006|0
932281|1|3024|0
933780|0|1040|0
936341|0|1045|0
936994|0|1004|0
937953|1|3020|0
938125|1|3004|0
938126|1|3004|0
938129|1|3004|0
938436|1|3034|0
938566|0|1042|0
938567|0|1042|0
938570|0|1042|0
938574|0|1042|0
938575|0|1042|0
938576|0|1042|0
938657|8|1136|0
938659|8|1136|0
939129|10|2104|1
939130|10|2104|1
939131|10|2104|1
939207|10|2130|1
939210|10|2130|1
939661|0|1045|0
939662|0|1045|0
939663|0|1045|0
940585|1|3010|0
940590|1|3016|0
940591|1|3016|0
940592|1|3016|0
940616|1|3028|0
940638|1|3040|0
940664|8|1124|0
940665|8|1124|0
946277|13|2228|0
946671|3|2636|1
949053|0|1062|0
949243|6|4126|0
949296|1|3020|0
949297|1|3020|0
949298|1|3020|0
949299|1|3020|0
949510|0|1062|0
949511|0|1062|0
949629|1|3034|0
951675|8|1124|0
953404|1|3046|0
953413|1|3046|0
953420|0|1028|0
953427|10|2112|1
953428|10|2112|1
953562|0|1062|0
953609|1|3046|0
954553|10|2108|1
954796|0|1094|0
954805|0|1010|0
956011|0|1064|0
956012|0|1088|0
956013|0|1088|0
956014|0|1088|0
957096|10|2130|1
957098|10|2130|1
958015|10|2116|1
958016|10|2116|1
958514|18|4252|0
958516|8|1122|0
958519|8|1122|0
959437|17|1318|0
959500|1|3034|0
959502|1|3040|0
962600|1|3004|0
962601|1|3004|0
964752|0|1088|0
964753|0|1088|0
964848|6|4114|0
967021|10|2128|1
968432|8|1122|0
968935|17|1386|0
968936|17|1386|0
968937|17|1386|0
977007|1|3034|0
979195|1|3028|0
979196|1|3028|0
979197|1|3028|0
979199|1|3028|0
979553|13|2228|0
979554|13|2228|0
980041|17|1330|0
981655|0|1002|0
982726|1|3018|0
982727|1|3018|0
983310|2|2708|1
985823|0|1076|0
985824|0|1062|0
986193|2|2702|1
987308|0|1076|0
987768|1|3032|0
987769|1|3032|0
988408|0|1076|0
988459|16|2904|1
989092|0|1076|0
991114|3|2636|1
991329|0|1004|0
991331|0|1004|0
996122|8|1124|0
996537|0|1088|0
996597|0|1042|0
996600|0|1042|0
996606|12|2372|1
996613|12|2372|1
999545|1|3026|0
999546|1|3026|0
999547|1|3026|0
1000866|0|1074|0
1001305|0|1016|0
1003679|0|1028|0
1004545|1|3028|0
1004550|17|1318|0
1004551|17|1318|0
1005456|7|7002|0
1005458|7|7002|0
1005461|7|7002|0
1005463|7|7002|0
1005464|7|7002|0
1005465|7|7002|0
1009512|9|6810|0
1009539|0|1040|0
1009946|0|1036|0
1009997|1|3024|0
1009998|1|3024|0
1010752|0|1036|0
1010755|0|1036|0
1010757|0|1036|0
1012473|1|3008|0
1012787|0|1012|0
1012788|0|1012|0
1014864|10|2108|1
1014865|10|2108|1
1016067|1|3014|0
1017349|12|2302|1
1017791|1|3034|0
1018516|0|1030|0
1018617|0|1086|0
1018878|10|2130|1
1020237|17|1330|0
1020940|17|1314|0
1021281|1|3034|0
1021676|0|1040|0
1022053|8|1126|0
1024975|1|3038|0
1024976|1|3038|0
1028589|17|1318|0
1033395|2|2702|1
1036189|12|2302|1
1036317|1|3018|0
1036320|1|3040|0
1036689|0|1040|0
1037412|1|3046|0
1037654|6|4122|0
1037838|13|2210|0
1037845|0|1022|0
1037846|0|1022|0
1037856|8|1120|0
1037857|8|1120|0
1038937|2|2704|1
1038945|2|2708|1
1038946|2|2708|1
1038950|2|2712|1
1038952|2|2714|1
1038953|2|2714|1
1038954|2|2714|1
1038962|2|2718|1
1039087|1|3020|0
1040170|13|2222|0
1040348|0|1034|0
1044584|8|1124|0
1044592|10|2156|1
1045449|2|2708|1
1046272|0|1072|0
1047394|1|3046|0
1047395|1|3046|0
1047396|1|3046|0
1047674|8|1120|0
1047675|8|1120|0
1047679|8|1120|0
1047680|8|1120|0
1047681|8|1120|0
1047682|8|1120|0
1047685|8|1120|0
1047686|8|1120|0
1047690|8|1120|0
1047695|8|1122|0
1047696|8|1122|0
1047698|8|1122|0
1047699|8|1122|0
1047702|8|1122|0
1047703|8|1122|0
1047705|8|1122|0
1047707|8|1122|0
1047709|8|1122|0
1047717|8|1122|0
1047721|8|1122|0
1047733|8|1124|0
1047734|8|1124|0
1047735|8|1124|0
1047740|8|1124|0
1047743|8|1124|0
1047751|8|1126|0
1047752|8|1126|0
1047753|8|1126|0
1047755|8|1126|0
1047756|8|1126|0
1047757|8|1126|0
1047758|8|1126|0
1047772|8|1126|0
1047773|8|1126|0
1047774|8|1126|0
1047775|8|1126|0
1047786|8|1126|0
1047790|8|1138|0
1047793|8|1138|0
1049595|9|6824|0
1050142|8|1124|0
1050370|1|3018|0
1052022|10|2142|1
1052563|0|1040|0
1053943|0|1036|0
1053944|0|1036|0
1053945|0|1036|0
1054129|0|1002|0
1057033|0|1040|0
1057034|0|1040|0
1057490|1|3046|0
1057491|1|3046|0
1057495|1|3046|0
1057498|1|3046|0
1057515|1|3046|0
1058820|1|3004|0
1060036|8|1138|0
1062338|0|1026|0
1062374|12|2302|1
1062926|8|1122|0
1062927|8|1122|0
1064018|0|1078|0
1065599|12|2304|1
1066900|8|1136|0
1066901|8|1136|0
1070962|0|1026|0
1071928|6|4114|0
1071949|8|1120|0
1072167|3|2644|1
1072173|2|2708|1
1074327|8|1120|0
1075283|0|1030|0
1075891|1|3018|0
1076065|0|1003|0
1076066|0|1003|0
1076155|0|1010|0
1076335|0|1086|0
1078288|0|1004|0
1079214|1|3022|0
1079215|1|3022|0
1079220|1|3022|0
1079254|1|3020|0
1079257|1|3030|0
1079258|1|3030|0
1079329|17|1364|0
1079331|1|3020|0
1080001|17|1314|0
1080009|17|1380|0
1080021|0|1022|0
1080756|0|1038|0
1081359|0|1088|0
1082042|0|1040|0
1082391|0|1040|0
1082578|1|3028|0
1082907|5|2502|1
1083152|10|2116|1
1083154|6|4126|0
1083196|10|2116|1
1083517|0|1048|0
1083518|0|1048|0
1084365|12|2302|1
1084417|0|1048|0
1084425|8|1136|0
1084436|0|1074|0
1084437|0|1074|0
1084881|0|1040|0
1084882|0|1040|0
1085148|9|6806|0
1085150|9|6806|0
1085246|12|2302|1
1085486|9|6810|0
1085686|1|3040|0
1086172|0|1029|0
1087269|6|4114|0
1087270|6|4114|0
1087467|2|2708|1
1088002|8|1126|0
1089044|1|3020|0
1089045|1|3020|0
1089046|1|3020|0
1089079|0|1034|0
1089163|5|2504|1
1089820|0|1002|0
1089843|2|2712|1
1089844|2|2712|1
1089845|2|2712|1
1089846|2|2712|1
1090401|17|1318|0
1090419|1|3046|0
1091333|0|1028|0
1091338|12|2306|1
1091365|0|1016|0
1091366|0|1016|0
1091367|0|1016|0
1091368|0|1016|0
1091369|0|1016|0
1091370|0|1016|0
1091467|12|2306|1
1092008|2|2712|1
1092061|10|2142|1
1092106|12|2306|1
1093340|0|1093|0
1093344|0|1093|0
1093786|0|1004|0
1094235|0|1028|0
1094238|0|1048|0
1096235|6|4114|0
1097187|0|1042|0
1098624|6|4114|0
1099990|0|1030|0
1101724|8|1132|0
1102268|6|4114|0
1102970|8|1122|0
1102971|8|1122|0
1102975|8|1122|0
1102976|8|1122|0
1104598|6|4114|0
1104599|6|4114|0
1104650|1|3044|0
1104725|8|1132|0
1105210|0|1074|0
1105211|0|1074|0
1105212|0|1074|0
1105213|0|1074|0
1105214|0|1074|0
1105215|0|1074|0
1105228|0|1074|0
1105299|0|1074|0
1105831|0|1092|0
1106968|1|3034|0
1109116|8|1120|0
1109173|11|1236|0
1109211|12|2302|1
1109235|13|2242|0
1109325|8|1136|0
1109326|8|1136|0
1109389|0|1034|0
1109390|0|1034|0
1109391|0|1034|0
1110679|15|2850|1
1111202|1|3030|0
1112450|8|1136|0
1112839|1|3038|0
1112840|1|3038|0
1113847|3|2654|1
1113852|3|2654|1
1113872|0|1045|0
1114566|8|1124|0
1114567|8|1124|0
1114749|1|3040|0
1114754|1|3030|0
1114761|10|2122|1
1114903|1|3034|0
1114914|1|3038|0
1114924|8|1132|0
1116113|0|1004|0
1116370|0|1002|0
1117661|8|1132|0
1117662|8|1132|0
1117663|0|1034|0
1118683|9|6806|0
1118691|6|4126|0
1118775|0|1028|0
1119216|1|3046|0
1119217|1|3046|0
1121513|1|3020|0
1121514|1|3020|0
1121515|1|3020|0
1121615|3|2630|1
1121616|3|2644|1
1123722|0|1060|0
1124164|8|1124|0
1124165|8|1124|0
1124973|10|2116|1
1127860|0|1026|0
1127862|13|2210|0
1132005|8|1132|0
1133955|17|1330|0
1134971|8|1132|0
1135438|0|1034|0
1136979|0|1030|0
1137146|0|1074|0
1138053|6|4114|0
1141956|0|1088|0
1143685|8|1124|0
1143686|8|1124|0
1143691|0|1040|0
1145374|0|1026|0
1145597|8|1124|0
1146496|13|2246|0
1146497|13|2246|0
1146648|10|2116|1
1146783|0|1040|0
1146784|0|1040|0
1146785|0|1040|0
1146786|0|1040|0
1146787|0|1040|0
1146795|0|1040|0
1146796|0|1040|0
1146797|0|1040|0
1146799|0|1040|0
1146800|0|1040|0
1146801|0|1040|0
1146802|0|1040|0
1146803|0|1040|0
1146804|0|1040|0
1146974|0|1040|0
1147017|1|3040|0
1147495|0|1002|0
1147731|9|6806|0
1148017|17|1318|0
1148018|17|1318|0
1148548|5|2502|1
1148719|0|1032|0
1148753|0|1030|0
1148812|8|1120|0
1148971|0|1076|0
1148972|0|1036|0
1149069|21|2070|1
1149225|1|3040|0
1149579|2|2708|1
1150362|1|3004|0
1150700|4|2416|1
1150954|8|1124|0
1151128|0|1038|0
1152017|1|3034|0
1152346|13|2210|0
1152348|13|2210|0
1152350|13|2210|0
1152355|13|2210|0
1152464|1|3014|0
1153584|8|1122|0
1153597|0|1078|0
1154749|0|1034|0
1156722|0|1028|0
1156724|0|1028|0
1157329|0|1022|0
1157462|0|1040|0
1157479|8|1136|0
1157561|0|1040|0
1157562|0|1040|0
1157564|0|1040|0
1157685|0|1040|0
1157699|0|1040|0
1158705|18|4252|0
1158719|0|1040|0
1158720|0|1040|0
1159413|0|1040|0
1159414|0|1040|0
1159415|0|1040|0
1159597|1|3038|0
1159598|1|3038|0
1159726|0|1076|0
1159728|0|1076|0
1160752|0|1036|0
1160754|0|1078|0
1160796|0|1072|0
1160872|0|1076|0
1160873|0|1076|0
1160882|0|1080|0
1161046|0|1034|0
1161555|8|1132|0
1161556|8|1132|0
1161557|8|1132|0
1161571|0|1022|0
1161572|0|1040|0
1162382|0|1022|0
1162755|5|2502|1
1162759|5|2502|1
1162761|1|3030|0
1162932|0|1034|0
1162933|0|1034|0
1162934|0|1034|0
1162935|0|1034|0
1163577|8|1132|0
1163583|0|1077|0
1164290|10|2116|1
1164923|8|1132|0
1165987|0|1028|0
1165988|0|1028|0
1165989|0|1028|0
1166036|0|1016|0
1166474|8|1120|0
1166475|8|1120|0
1166478|0|1028|0
1167175|0|1016|0
1167188|11|1236|0
1167487|0|1025|0
1167544|8|1124|0
1167545|8|1124|0
1167614|5|2502|1
1167754|0|1034|0
1168684|1|3030|0
1168717|0|1026|0
1168718|0|1026|0
1168738|1|3034|0
1168741|1|3018|0
1171140|10|2124|1
1171142|0|1028|0
1172015|1|3040|0
1173210|1|3040|0
1173213|8|1126|0
1173853|0|1040|0
1174923|0|1074|0
1175993|0|1033|0
1176558|0|1026|0
1176559|0|1026|0
1176560|0|1026|0
1176561|0|1026|0
1176562|0|1026|0
1177984|0|1002|0
1178687|0|1026|0
1178691|1|3020|0
1178692|1|3020|0
1178696|1|3020|0
1178697|1|3020|0
1179109|0|1040|0
1179117|2|2708|1
1179119|2|2708|1
1179579|2|2714|1
1179580|2|2714|1
1179581|2|2716|1
1182733|8|1120|0
1209718|0|1042|0
1209719|0|1042|0
1209720|0|1042|0
1209721|0|1042|0
1210038|2|2702|1
1212452|17|1318|0
1213906|1|3032|0
1214325|1|3032|0
1221045|0|1010|0
1221054|17|1312|0
1222571|6|4114|0
1222575|1|3020|0
1224495|0|1016|0
1224521|8|1120|0
1225768|0|1016|0
1225769|0|1016|0
1225770|0|1016|0
1225771|0|1016|0
1226506|20|6954|0
1226507|20|6954|0
1226920|0|1028|0
1228300|1|3044|0
1228312|0|1028|0
1228319|8|1136|0
1228320|0|1088|0
1228321|0|1088|0
1228937|6|4118|0
1228945|6|4118|0
1228950|6|4118|0
1228994|6|4176|0
1228995|6|4176|0
1229023|6|4176|0
1229025|6|4176|0
1229026|6|4176|0
1229028|6|4176|0
1229440|6|4104|0
1229469|6|4138|0
1229500|6|4162|0
1229566|6|4118|0
1229576|6|4118|0
1229584|6|4118|0
1229591|6|4118|0
1229625|6|4118|0
1229636|6|4118|0
1229642|6|4118|0
1229643|6|4118|0
1229664|6|4138|0
1229676|6|4138|0
1229686|6|4140|0
1229882|6|4104|0
1229919|6|4138|0
1229920|6|4138|0
1229935|6|4138|0
1230003|6|4176|0
1230014|6|4176|0
1230060|6|4138|0
1230228|6|4138|0
1230244|6|4138|0
1230327|6|4138|0
1230416|6|4130|0
1230417|6|4130|0
1230418|6|4130|0
1230426|6|4138|0
1230430|6|4162|0
1230440|6|4138|0
1230441|6|4138|0
1230461|6|4138|0
1231869|6|4176|0
1233161|6|4141|0
1234340|0|1028|0
1235251|0|1034|0
1235334|0|1028|0
1235364|0|1092|0
1235365|0|1092|0
1237005|0|1036|0
1237410|0|1034|0
1238497|10|2174|1
1239294|0|1002|0
1239720|10|2152|1
1239736|10|2164|1
1239739|10|2164|1
1239740|10|2164|1
1239741|10|2164|1
1239746|10|2164|1
1239748|10|2164|1
1239749|10|2164|1
1239782|10|2174|1
1239783|10|2174|1
1239785|10|2174|1
1239788|10|2152|1
1239789|10|2162|1
1239790|10|2162|1
1239791|10|2162|1
1239792|10|2162|1
1239793|10|2162|1
1239794|10|2162|1
1239795|10|2162|1
1239796|10|2162|1
1239797|10|2162|1
1239798|10|2162|1
1239800|10|2162|1
1239806|10|2166|1
1239807|10|2166|1
1239808|10|2170|1
1239809|10|2170|1
1239810|10|2170|1
1239812|10|2170|1
1239813|10|2170|1
1239815|10|2170|1
1239817|10|2170|1
1239818|10|2170|1
1239819|10|2170|1
1239820|10|2174|1
1239840|10|2170|1
1239841|10|2170|1
1239842|10|2170|1
1239843|10|2170|1
1239844|10|2170|1
1239845|10|2170|1
1239846|10|2170|1
1239847|10|2170|1
1239852|4|2420|1
1239853|4|2420|1
1239854|4|2420|1
1239855|4|2420|1
1239856|4|2420|1
1239857|4|2420|1
1239858|4|2420|1
1239859|4|2420|1
1239860|4|2420|1
1239861|4|2420|1
1239862|4|2420|1
1239867|4|2420|1
1239868|4|2420|1
1239869|4|2420|1
1239870|4|2420|1
1239871|4|2420|1
1239875|4|2420|1
1239876|4|2420|1
1239877|4|2420|1
1239879|4|2420|1
1239880|4|2420|1
1239881|4|2420|1
1239882|4|2420|1
1239883|4|2420|1
1239887|10|2152|1
1239890|4|2420|1
1239891|4|2420|1
1239897|4|2420|1
1239898|4|2420|1
1239899|4|2420|1
1239901|4|2420|1
1239902|4|2420|1
1239903|4|2420|1
1239905|10|2172|1
1239906|10|2172|1
1239908|10|2172|1
1239911|10|2172|1
1239912|10|2172|1
1239913|10|2172|1
1239914|10|2172|1
1239915|10|2172|1
1239916|10|2172|1
1239918|10|2172|1
1239953|10|2172|1
1239954|10|2174|1
1239955|10|2174|1
1239956|10|2174|1
1239986|4|2420|1
1240160|8|1120|0
1242666|0|1094|0
1242667|0|1094|0
1242670|0|1094|0
1243803|8|1120|0
1243805|8|1120|0
1243814|8|1122|0
1243815|8|1122|0
1243816|8|1122|0
1243817|8|1122|0
1245918|0|1088|0
1246493|0|1016|0
1246495|0|1016|0
1246498|0|1016|0
1246757|0|1074|0
1246758|0|1074|0
1246784|0|1074|0
1246785|0|1074|0
1247036|15|2864|1
1248391|0|1096|0
1248394|0|1096|0
1248464|0|1088|0
1250226|0|1028|0
1253470|0|1030|0
1253708|18|4250|0
1253765|6|4114|0
1254013|6|4114|0
1254310|20|6920|0
1255777|8|1124|0
1257555|10|2116|1
1259006|5|2506|1
1259007|5|2506|1
1259952|0|1030|0
1260238|1|3034|0
1260241|0|1058|0
1260242|0|1058|0
1261025|8|1124|0
1261376|0|1058|0
1273024|10|2152|1
1279049|2|2708|1
1280677|1|3046|0
1281011|8|1124|0
1281253|0|1056|0
1281780|1|3024|0
1282047|0|1002|0
1282207|1|3020|0
1284221|0|1084|0
1285150|8|1124|0
1285154|8|1124|0
1288226|12|2302|1
1288843|12|2302|1
1289417|0|1002|0
1289418|0|1002|0
1294665|2|2756|1
1298766|1|3018|0
1299616|10|2174|1
1300325|0|1039|0
1302670|1|3060|0
1303141|2|2714|1
1304243|1|3024|0
1304488|0|1026|0
1304490|0|1026|0
1304491|0|1026|0
1305845|3|2644|1
1306155|6|4118|0
1306196|1|3020|0
1306197|1|3020|0
1306198|1|3020|0
1306199|1|3020|0
1309245|2|2786|1
1309246|2|2786|1
1309297|8|1120|0
1309298|8|1122|0
1309300|8|1124|0
1309560|2|2716|1
1309672|0|1045|0
1309856|1|3020|0
1310076|1|3004|0
1310081|1|3004|0
1311104|17|1326|0
1312957|0|1040|0
1313222|2|2714|1
1313223|2|2714|1
1314409|0|1039|0
1314549|1|3028|0
1316369|0|1026|0
1316461|1|3012|0
1317092|20|6918|0
1317094|0|1026|0
1317095|0|1026|0
1317096|0|1026|0
1320180|1|3046|0
1320701|5|2506|1
1320708|0|1072|0
1320857|0|1010|0
1321332|1|3020|0
1321336|0|1012|0
1321497|2|2714|1
1322479|0|1016|0
1323011|1|3008|0
1323422|0|1003|0
1323985|2|2782|1
1324174|0|1010|0
1324182|8|1132|0
1324591|0|1074|0
1324667|0|1094|0
1324668|0|1094|0
1324670|0|1094|0
1324845|1|3020|0
1324851|1|3020|0
1325324|1|3020|0
1325325|1|3020|0
1325330|1|3020|0
1325362|0|1084|0
1328340|0|1078|0
1328471|1|3016|0
1328495|8|1136|0
1328672|3|2644|1
1328907|6|4114|0
1331068|6|4138|0
1331407|10|2103|1
1332103|6|4114|0
1332664|10|2128|1
1332688|3|2632|1
1332689|3|2636|1
1333224|0|1040|0
1333225|0|1040|0
1333307|2|2786|1
1333994|0|1040|0
1334068|0|1028|0
1334074|0|1044|0
1335305|1|3040|0
1336459|8|1124|0
1336461|8|1124|0
1339795|0|1028|0
1339879|13|2218|0
1339880|13|2218|0
1339882|13|2218|0
1339883|13|2218|0
1342003|0|1014|0
1342006|0|1014|0
1342007|0|1014|0
1342008|0|1014|0
1342009|0|1014|0
1344514|10|2116|1
1344755|0|1012|0
1345067|0|1030|0
1345068|0|1030|0
1345070|0|1030|0
1345071|0|1030|0
1345072|0|1030|0
1345337|10|2152|1
1345352|10|2128|1
1345981|0|1072|0
1346410|1|3032|0
1346621|0|1078|0
1346624|0|1096|0
1346625|1|3008|0
1346626|1|3008|0
1346627|1|3008|0
1346628|1|3008|0
1346629|1|3008|0
1346630|1|3008|0
1346631|1|3008|0
1346632|1|3008|0
1346636|1|3008|0
1346637|1|3008|0
1346638|1|3008|0
1346643|1|3040|0
1347810|0|1040|0
1347811|0|1040|0
1347977|0|1024|0
1348487|1|3044|0
1348510|0|1034|0
1348983|0|1080|0
1349068|2|2702|1
1349806|0|1030|0
1349807|0|1030|0
1349808|0|1030|0
1350565|8|1136|0
1351227|0|1040|0
1351305|0|1042|0
1352751|1|3004|0
1352754|1|3004|0
1352758|1|3004|0
1353189|3|2650|1
1353191|0|1088|0
1353969|1|3020|0
1354380|0|1042|0
1354381|0|1042|0
1354382|0|1042|0
1354383|0|1042|0
1354384|0|1042|0
1354385|0|1042|0
1354386|0|1042|0
1354387|0|1042|0
1354388|0|1042|0
1354389|0|1042|0
1354390|0|1042|0
1354711|0|1016|0
1354712|0|1016|0
1354713|0|1016|0
1354714|0|1016|0
1354719|0|1016|0
1356038|6|4138|0
1359503|8|1120|0
1360009|22|6329|0
1360010|22|6329|0
1360012|22|6329|0
1360013|22|6329|0
1361205|10|2116|1
1363876|2|2716|1
1363877|0|1014|0
1363878|0|1014|0
1364636|22|6338|0
1366212|23|6257|0
1366213|23|6257|0
1367273|23|6212|0
1367438|22|6330|0
1368456|23|6267|0
1368479|23|6269|0
1368480|23|6269|0
1368488|23|6269|0
1369793|23|6238|0
1369873|22|6330|0
1369875|22|6352|0
1369876|22|6352|0
1369972|22|6330|0
1369973|22|6330|0
1370025|22|6338|0
1370542|23|6223|0
1370547|23|6257|0
1370548|23|6257|0
1370552|23|6257|0
1370564|23|6269|0
1370565|23|6269|0
1370566|23|6269|0
1370568|23|6269|0
1370572|23|6269|0
1370574|23|6269|0
1370587|23|6269|0
1370588|23|6269|0
1370589|23|6269|0
1371395|23|6246|0
1371618|6|4114|0
1371620|6|4126|0
1372308|23|6212|0
1372309|23|6212|0
1372326|0|1062|0
1372511|23|6206|0
1372563|23|6260|0
1372566|23|6232|0
1372585|22|6330|0
1372862|22|6322|0
1373031|22|6330|0
1373037|22|6350|0
1373081|22|6328|0
1373394|23|6232|0
1373408|23|6258|0
1373409|23|6262|0
1373444|22|6330|0
1373944|22|6328|0
1373976|1|3014|0
1379151|23|6257|0
1379154|23|6257|0
1379158|23|6257|0
1379194|23|6269|0
1379210|23|6269|0
1386120|23|6246|0
1386220|0|1030|0
1386250|22|6330|0
1386506|23|6206|0
1386695|23|6262|0
1386696|23|6266|0
1386894|22|6328|0
1387609|22|6301|0
1388521|23|6253|0
1388559|23|6269|0
1388568|23|6269|0
1388574|23|6269|0
1390351|0|1040|0
1390352|0|1040|0
1390405|0|1036|0
1391408|0|1046|0
1391548|0|1076|0
1391549|0|1076|0
1392256|22|6350|0
1392260|22|6350|0
1392261|22|6350|0
1392262|22|6350|0
1392627|6|4126|0
1392628|6|4126|0
1393033|8|1122|0
1393047|0|1040|0
1394348|1|3008|0
1394349|1|3008|0
1395693|0|1028|0
1396282|6|4122|0
1397060|8|1122|0
1397061|8|1122|0
1397062|8|1122|0
1397067|1|3032|0
1397068|1|3032|0
1397779|0|1030|0
1397797|0|1016|0
1397802|0|1016|0
1398687|17|1387|0
1398688|17|1387|0
1399750|17|1318|0
1400328|1|3016|0
1400329|1|3016|0
1400330|1|3016|0
1400331|1|3016|0
1400332|1|3016|0
1400334|1|3016|0
1400826|22|6352|0
1400846|22|6352|0
1401722|6|4126|0
1401733|6|4138|0
1401735|6|4138|0
1402017|1|3034|0
1402024|2|2750|1
1402032|2|2752|1
1402040|2|2756|1
1402041|2|2756|1
1402045|2|2756|1
1402545|1|3016|0
1402643|10|2124|1
1403463|0|1080|0
1403464|0|1080|0
1404385|8|1124|0
1404410|3|2636|1
1404411|3|2636|1
1405685|10|2152|1
1410764|22|6344|0
1410765|22|6344|0
1410768|22|6344|0
1410769|22|6344|0
1410773|22|6344|0
1410792|0|1026|0
1410850|22|6353|0
1411065|0|1030|0
1412115|6|4139|0
1412204|13|2246|0
1412379|11|1236|0
1412392|17|1318|0
1412393|17|1318|0
1412519|1|3030|0
1412575|4|2420|1
1415679|2|2716|1
1416362|1|3034|0
1417148|0|1076|0
1417154|0|1028|0
1417697|0|1042|0
1418022|0|1026|0
1418259|1|3006|0
1418484|1|3008|0
1418842|0|1004|0
1418844|0|1004|0
1418845|0|1004|0
1418846|0|1004|0
1418847|0|1004|0
1420007|23|6266|0
1421156|8|1136|0
1421428|8|1124|0
1421429|8|1136|0
1421438|0|1016|0
1422036|0|1086|0
1422222|1|3020|0
1422284|0|1086|0
1422347|12|2340|1
1422500|3|2630|1
1422815|17|1318|0
1422817|17|1318|0
1422835|10|2116|1
1422837|10|2116|1
1422849|0|1072|0
1423681|10|2116|1
1426023|0|1072|0
1427659|10|2116|1
1428328|8|1120|0
1428330|8|1120|0
1428331|8|1120|0
1428779|10|2116|1
1430040|8|1120|0
1430041|8|1120|0
1430080|23|6258|0
1430081|23|6258|0
1430082|23|6258|0
1430083|23|6258|0
1441468|0|1062|0
1441511|6|4176|0
1441513|0|1008|0
1441514|0|1008|0
1441515|0|1008|0
1441516|0|1008|0
1441517|0|1008|0
1441817|0|1084|0
1442157|1|3026|0
1444597|0|1008|0
1444598|0|1008|0
1444600|6|4104|0
1444615|0|1094|0
1445215|13|2246|0
1445281|0|1040|0
1446726|10|2104|1
1447815|1|3014|0
1447817|1|3014|0
1449487|18|4254|0
1449645|0|1074|0
1452378|24|5224|0
1453122|2|2718|1
1453123|2|2718|1
1453124|2|2718|1
1454707|2|2718|1
1454708|2|2718|1
1455272|6|4138|0
1455482|8|1152|0
1455485|8|1152|0
1455790|1|3040|0
1455886|8|1153|0
1456171|6|4138|0
1456346|24|5224|0
1456881|25|3106|0
1456886|25|3110|0
1456909|25|3108|0
1456910|25|3108|0
1456912|25|3110|0
1456916|25|3110|0
1456917|25|3110|0
1456921|25|3110|0
1456922|25|3110|0
1456931|25|3110|0
1456935|25|3110|0
1456939|25|3110|0
1456952|25|3102|0
1456993|25|3106|0
1456994|25|3106|0
1456995|25|3106|0
1456996|25|3106|0
1456997|25|3106|0
1456998|25|3106|0
1457000|25|3106|0
1457001|25|3106|0
1457002|25|3106|0
1457003|25|3106|0
1457004|25|3106|0
1457005|25|3106|0
1457012|25|3108|0
1457020|25|3108|0
1457031|25|3110|0
1457039|25|3110|0
1457160|25|3104|0
1457168|25|3104|0
1457175|25|3106|0
1457176|25|3106|0
1457177|25|3106|0
1457178|25|3106|0
1457179|25|3106|0
1457180|25|3106|0
1457181|25|3106|0
1457182|25|3106|0
1457183|25|3106|0
1457184|25|3106|0
1457185|25|3106|0
1457192|25|3108|0
1457199|25|3108|0
1457201|25|3108|0
1457202|25|3108|0
1457217|25|3110|0
1457228|25|3110|0
1457229|25|3110|0
1457230|25|3110|0
1457231|25|3110|0
1457239|25|3110|0
1457240|25|3110|0
1457245|25|3110|0
1457247|25|3110|0
1457251|25|3110|0
1457256|25|3110|0
1457311|25|3104|0
1457328|25|3106|0
1457333|25|3106|0
1457335|25|3106|0
1457337|25|3106|0
1457338|25|3106|0
1457339|25|3106|0
1457340|25|3106|0
1457341|25|3106|0
1457342|25|3106|0
1457344|25|3106|0
1457346|25|3108|0
1457359|25|3106|0
1457396|25|3106|0
1457409|25|3108|0
1457411|25|3108|0
1457416|25|3110|0
1457417|25|3110|0
1457518|0|1008|0
1457834|0|1074|0
1457835|0|1074|0
1457840|2|2786|1
1457948|25|3106|0
1457990|25|3110|0
1458088|25|3110|0
1458329|0|1062|0
1458461|0|1030|0
1458834|8|1122|0
1458842|10|2166|1
1458844|10|2166|1
1458847|10|2166|1
1458848|10|2166|1
1458849|10|2166|1
1458850|10|2166|1
1458851|10|2166|1
1458914|17|1338|0
1458920|25|3106|0
1459058|0|1022|0
1459067|1|3046|0
1459225|17|1310|0
1459226|17|1312|0
1459514|1|3034|0
1459515|1|3034|0
1459692|0|1040|0
1459697|0|1040|0
1460018|1|3034|0
1460019|1|3034|0
1460020|1|3034|0
1460021|1|3034|0
1460808|10|2130|1
1463437|0|1072|0
1463441|8|1132|0
1463451|0|1028|0
1463483|8|1116|0
1463484|8|1116|0
1463507|8|1118|0
1463509|8|1118|0
1463510|8|1118|0
1463555|8|1114|0
1463566|8|1190|0
1463568|8|1190|0
1463569|8|1190|0
1463587|8|1190|0
1463591|8|1190|0
1463594|8|1190|0
1463595|8|1190|0
1463596|8|1190|0
1463602|8|1190|0
1463603|8|1190|0
1463604|8|1190|0
1463609|8|1190|0
1463610|8|1190|0
1463611|8|1190|0
1463619|8|1114|0
1463620|8|1114|0
1463621|8|1114|0
1463625|8|1118|0
1463626|8|1118|0
1463632|8|1148|0
1463637|8|1148|0
1463693|8|1190|0
1463707|8|1116|0
1463765|8|1190|0
1463767|8|1114|0
1463769|8|1114|0
1463770|8|1114|0
1463771|8|1114|0
1463772|8|1114|0
1463773|8|1114|0
1463783|8|1114|0
1463784|8|1114|0
1463786|8|1116|0
1463787|8|1116|0
1463788|8|1116|0
1463789|8|1116|0
1463790|8|1116|0
1463791|8|1116|0
1463797|8|1118|0
1463798|8|1118|0
1463799|8|1118|0
1463800|8|1118|0
1463801|8|1118|0
1463805|8|1146|0
1463806|8|1146|0
1463807|8|1146|0
1463808|8|1146|0
1463810|8|1148|0
1463812|8|1148|0
1463814|8|1148|0
1463819|8|1148|0
1463820|8|1148|0
1463823|8|1148|0
1463825|8|1148|0
1463851|8|1118|0
1463852|8|1118|0
1463855|8|1148|0
1463857|8|1148|0
1463859|8|1148|0
1463860|8|1148|0
1463862|8|1148|0
1463864|8|1148|0
1463865|8|1148|0
1463866|8|1148|0
1463867|8|1148|0
1463881|8|1144|0
1463882|8|1144|0
1463883|8|1144|0
1463885|8|1144|0
1463886|8|1144|0
1463887|8|1144|0
1463888|8|1144|0
1463896|8|1144|0
1463897|8|1144|0
1463898|8|1144|0
1463899|8|1144|0
1463900|8|1144|0
1463914|8|1114|0
1463934|8|1116|0
1463935|8|1116|0
1463936|8|1116|0
1463992|8|1144|0
1463993|8|1144|0
1463994|8|1144|0
1463995|8|1148|0
1463998|8|1148|0
1464002|8|1148|0
1464005|8|1148|0
1464008|8|1148|0
1464010|8|1148|0
1464025|8|1148|0
1464027|8|1148|0
1464028|8|1148|0
1464029|8|1148|0
1464031|8|1148|0
1464034|8|1148|0
1464035|8|1148|0
1464038|8|1148|0
1464039|8|1116|0
1464041|8|1144|0
1464042|8|1144|0
1464043|8|1144|0
1464045|8|1114|0
1464063|8|1190|0
1464065|8|1190|0
1464066|8|1190|0
1464070|8|1190|0
1464071|8|1190|0
1464072|8|1190|0
1464073|8|1190|0
1464074|8|1190|0
1464076|8|1190|0
1464077|8|1190|0
1464079|8|1190|0
1464081|8|1190|0
1464082|8|1190|0
1464086|8|1144|0
1464087|8|1144|0
1464088|8|1144|0
1464090|8|1144|0
1464091|8|1148|0
1464092|8|1148|0
1464093|8|1148|0
1464094|8|1148|0
1464095|8|1148|0
1464097|8|1148|0
1464099|8|1148|0
1464133|8|1146|0
1464134|8|1146|0
1464137|8|1190|0
1464153|8|1190|0
1464177|8|1190|0
1464186|8|1190|0
1464188|8|1190|0
1464192|8|1190|0
1464194|8|1190|0
1464196|8|1190|0
1464198|8|1190|0
1464201|8|1190|0
1464205|8|1190|0
1464207|8|1114|0
1464208|8|1114|0
1464209|8|1114|0
1464210|8|1114|0
1464217|8|1116|0
1464218|8|1116|0
1464237|8|1144|0
1464238|8|1144|0
1464239|8|1144|0
1464240|8|1144|0
1464241|8|1144|0
1464246|8|1148|0
1464256|8|1114|0
1464257|8|1114|0
1464258|8|1114|0
1464302|8|1115|0
1464309|8|1115|0
1464312|8|1114|0
1464469|0|1026|0
1464607|8|1114|0
1464907|8|1144|0
1464910|8|1148|0
1464919|8|1148|0
1464941|8|1148|0
1465130|8|1144|0
1465644|7|7016|0
1466039|8|1114|0
1466047|8|1114|0
1466049|8|1114|0
1466077|8|1118|0
1466281|10|2108|1
1466286|16|2966|1
1466288|10|2162|1
1466819|1|3018|0
1466826|0|1048|0
1466827|0|1048|0
1466830|25|3106|0
1466832|25|3106|0
1466833|25|3106|0
1466835|25|3106|0
1466836|25|3106|0
1467082|16|2970|1
1467088|0|1087|0
1467093|0|1093|0
1471143|0|1092|0
1471460|10|2128|1
1471461|10|2128|1
1471462|10|2174|1
1471722|26|6516|0
1471903|26|6516|0
1471911|26|6516|0
1471912|26|6516|0
1471913|26|6516|0
1471916|26|6516|0
1471956|18|4252|0
1472433|0|1074|0
1472451|6|4126|0
1472453|6|4126|0
1472479|26|6517|0
1472484|26|6517|0
1472485|26|6517|0
1472487|26|6517|0
1472489|26|6517|0
1473393|21|2006|1
1473394|21|2006|1
1473396|21|2028|1
1473401|21|2008|1
1473402|21|2008|1
1473403|21|2010|1
1473404|21|2006|1
1473405|21|2006|1
1473406|21|2006|1
1473409|21|2028|1
1473410|21|2028|1
1473411|21|2028|1
1473412|21|2032|1
1473413|21|2032|1
1473414|21|2032|1
1473415|21|2032|1
1473425|21|2034|1
1473427|21|2010|1
1473428|21|2012|1
1473474|21|2014|1
1473475|21|2014|1
1473476|21|2004|1
1473477|21|2006|1
1473478|21|2012|1
1473479|21|2012|1
1473480|21|2014|1
1473481|21|2028|1
1473482|21|2034|1
1473483|21|2016|1
1473484|21|2016|1
1473485|21|2016|1
1473486|21|2016|1
1473487|21|2002|1
1473488|21|2006|1
1473489|21|2006|1
1473499|21|2006|1
1473500|21|2006|1
1473509|21|2016|1
1473511|21|2020|1
1473513|21|2034|1
1489660|21|2004|1
1489662|21|2006|1
1489691|21|2016|1
1489694|21|2008|1
1489741|21|2010|1
1489833|21|2016|1
1489835|21|2016|1
1489836|21|2016|1
1489837|21|2016|1
1489838|21|2016|1
1489850|21|2028|1
1489853|21|2006|1
1489868|21|2018|1
1489869|21|2018|1
1489870|21|2018|1
1489871|21|2018|1
1489872|21|2018|1
1489873|21|2018|1
1489879|21|2018|1
1489880|21|2018|1
1489881|21|2018|1
1489882|21|2018|1
1489886|21|2018|1
1489890|21|2020|1
1489895|21|2028|1
1489897|21|2028|1
1489899|21|2028|1
1489900|21|2032|1
1489908|21|2022|1
1490588|27|6022|0
1492315|21|2034|1
1501508|21|2012|1
1501520|21|2002|1
1501521|21|2004|1
1501524|21|2004|1
1501525|21|2004|1
1501536|21|2004|1
1501541|21|2006|1
1501544|21|2006|1
1501547|21|2008|1
1501559|21|2012|1
1501570|21|2014|1
1501579|21|2034|1
1501581|21|2034|1
1502383|21|2018|1
1502391|21|2006|1
1502392|21|2012|1
1503117|28|6482|0
1503823|21|2008|1
1503844|21|2022|1
1503847|21|2022|1
1503854|21|2002|1
1503855|21|2004|1
1503891|21|2012|1
1503899|21|2028|1
1507720|21|2028|1
1532032|29|5446|0
1532033|29|5446|0
1532035|29|5446|0
1533184|21|2020|1
1533338|30|5322|0
1533357|30|5322|0
1533358|30|5322|0
1533364|30|5322|0
1533365|30|5322|0
1550461|21|2014|1
1575223|29|5446|0
1575231|29|5446|0
1575235|29|5446|0
1575237|29|5446|0
1575239|29|5446|0
1575240|29|5446|0
1575245|29|5446|0
1575246|29|5446|0
1575249|29|5446|0
1575252|29|5446|0
1576262|30|5324|0
1576263|30|5324|0
1576265|30|5324|0
1576285|30|5324|0
1576312|30|5324|0
1576313|30|5324|0
1576314|30|5324|0
1576315|30|5324|0
1576316|30|5324|0
1576317|30|5324|0
1576318|30|5324|0
1576321|30|5324|0
1576322|30|5324|0
1576323|30|5324|0
1576324|30|5324|0
1576325|30|5324|0
1576326|30|5324|0
1576327|30|5324|0
1576328|30|5324|0
1576329|30|5324|0
1576330|30|5324|0
1576332|30|5324|0
1576589|21|2008|1
1579069|21|2018|1
1579070|21|2030|1
1579081|21|2030|1
1579082|21|2030|1
1583407|28|6404|0
1583522|28|6448|0
1583523|28|6448|0
1583526|28|6448|0
1583544|28|6448|0
1584293|31|7780|0
1584295|31|7780|0
1584297|31|7780|0
1584298|31|7780|0
1584300|31|7780|0
1584301|31|7780|0
1584303|31|7780|0
1584305|31|7780|0
1584307|31|7780|0
1584309|31|7780|0
1584344|31|7780|0
1584348|31|7780|0
1584353|31|7780|0
1584358|31|7780|0
1584363|31|7780|0
1584365|31|7780|0
1584369|31|7780|0
1584374|31|7780|0
1584379|31|7780|0
1584390|31|7780|0
1584399|31|7780|0
1584574|21|2016|1
1584575|21|2016|1
1584576|21|2016|1
1585782|21|2016|1
1588319|21|2026|1
1609719|21|2002|1
1609724|21|2002|1
1609729|21|2028|1
1609730|21|2028|1
1609836|21|2032|1
1621528|21|2018|1
1621529|21|2018|1
1625605|21|2012|1
1639937|28|6482|0
1642397|21|2028|1
1642398|21|2028|1
1642399|21|2028|1
1642400|21|2028|1
1642401|21|2028|1
1642664|21|2010|1
1658994|21|2014|1
1660186|21|2006|1
1660188|21|2006|1
1660191|21|2006|1
1660193|21|2006|1
1660194|21|2006|1
1660239|21|2014|1
1660260|21|2028|1
1660261|21|2028|1
1660271|21|2018|1
1660272|21|2018|1
1662320|21|2032|1
1672580|21|2032|1
1672581|21|2032|1
1673264|28|6412|0
1673295|21|2016|1
1673297|21|2018|1
1686635|21|2006|1
1686637|21|2006|1
1686641|21|2006|1
1686644|21|2020|1
1686650|21|2020|1
1686652|21|2020|1
1686656|21|2020|1
1686663|21|2020|1
1686664|21|2020|1
1686665|21|2020|1
1686668|21|2032|1
1686685|21|2034|1
1689854|21|2032|1
1689920|21|2008|1
1689921|21|2008|1
1689929|21|2006|1
1693644|21|2028|1
1693645|21|2028|1
1693647|21|2028|1
1693648|21|2030|1
1693652|21|2018|1
1693653|21|2018|1
1693656|21|2018|1
1693657|21|2018|1
1695813|16|2954|1
1695815|21|2016|1
1695816|21|2016|1
1695820|21|2016|1
1695823|21|2002|1
1695825|21|2002|1
1695828|21|2004|1
1695830|21|2004|1
1695831|21|2004|1
1695835|21|2004|1
1695836|21|2004|1
1695837|21|2004|1
1695840|21|2006|1
1695841|21|2006|1
1695844|21|2006|1
1695845|21|2006|1
1695846|21|2006|1
1695847|21|2006|1
1695848|21|2006|1
1695860|21|2006|1
1695865|21|2008|1
1695872|21|2008|1
1695873|21|2008|1
1695874|21|2008|1
1695875|21|2008|1
1695879|21|2008|1
1695882|21|2008|1
1695886|21|2008|1
1695887|21|2008|1
1695888|21|2008|1
1695900|21|2008|1
1695901|21|2008|1
1695904|21|2008|1
1695905|21|2008|1
1695907|21|2008|1
1695912|21|2008|1
1695925|21|2008|1
1695931|21|2008|1
1695932|21|2008|1
1695935|21|2008|1
1695936|21|2008|1
1695940|21|2010|1
1695950|21|2010|1
1695956|21|2012|1
1695959|21|2012|1
1695961|21|2012|1
1695964|21|2012|1
1695965|21|2012|1
1695966|21|2012|1
1695971|21|2014|1
1695972|21|2014|1
1695978|21|2016|1
1695979|21|2016|1
1695983|21|2016|1
1695984|21|2016|1
1695989|21|2016|1
1695991|21|2016|1
1695994|21|2018|1
1695995|21|2018|1
1695999|21|2022|1
1696003|21|2022|1
1696007|21|2022|1
1696008|21|2022|1
1696013|21|2022|1
1696014|21|2026|1
1696015|21|2026|1
1696020|21|2026|1
1696021|21|2026|1
1696022|21|2026|1
1696023|21|2026|1
1696025|21|2028|1
1696026|21|2028|1
1696029|21|2028|1
1696036|21|2028|1
1696038|21|2030|1
1696039|21|2030|1
1696041|21|2030|1
1696042|21|2030|1
1696044|21|2030|1
1696046|21|2032|1
1696047|21|2032|1
1696051|21|2032|1
1696052|21|2032|1
1707160|21|2006|1
1709252|21|2018|1
1711747|21|2018|1
1717057|21|2018|1
1717134|30|5308|0
1717181|21|2020|1
1717269|28|6414|0
1717271|28|6414|0
1717640|21|2006|1
1717663|21|2006|1
1718310|21|2018|1
1718319|21|2032|1
1719236|21|2028|1
1719504|21|2002|1
1726000|21|2006|1
1726002|21|2006|1
1726009|21|2006|1
1726956|21|2008|1
1730015|28|6414|0
1741423|21|2014|1
1751174|21|2008|1
1751175|21|2008|1
1751176|21|2008|1
1765164|30|5325|0
1898959|8|1126|0
1898960|8|1126|0
1898961|8|1126|0
1898998|0|1028|0
1899450|0|1026|0
1900715|6|4126|0
1903391|19|6706|0
1903428|9|6808|0
1903432|9|6808|0
1903500|12|2302|1
1903501|12|2302|1
1903717|28|6426|0
1904678|8|1138|0
1905638|0|1028|0
1905639|0|1028|0
1905800|6|4138|0
1906099|21|2020|1
1906100|21|2020|1
1906821|0|1086|0
1908028|21|2018|1
1908340|25|3110|0
1909408|1|3038|0
1909409|1|3038|0
1909411|25|3106|0
1909412|25|3106|0
1909453|22|6392|0
1909482|22|6392|0
1909483|22|6392|0
1909699|0|1088|0
1909708|0|1044|0
1909724|23|6230|0
1909729|22|6392|0
1909748|23|6222|0
1909752|8|1144|0
1909754|22|6392|0
1909755|22|6392|0
1909770|22|6392|0
1909901|22|6393|0
1910055|0|1092|0
1910611|10|2174|1
1911102|0|1074|0
1911336|18|4210|0
1912671|0|1062|0
1913055|6|4126|0
1913230|1|3020|0
1913236|8|1122|0
1913257|1|3032|0
1913258|1|3032|0
1913462|21|2018|1
1913463|21|2032|1
1913464|21|2032|1
1913595|6|4118|0
1913596|6|4118|0
1913599|6|4118|0
1913600|6|4118|0
1913604|6|4118|0
1913813|0|1024|0
1914276|0|1060|0
1914277|8|1136|0
1914278|8|1136|0
1914279|8|1136|0
1914280|8|1136|0
1914367|0|1092|0
1914503|25|3102|0
1914782|10|2102|1
1914786|8|1120|0
1915000|6|4122|0
1915036|25|3108|0
1915102|0|1044|0
1916165|21|2024|1
1916208|0|1026|0
1916209|0|1026|0
1916577|2|2702|1
1916578|2|2712|1
1916579|2|2712|1
1917879|8|1114|0
1918621|8|1146|0
1919674|6|4138|0
1919795|10|2116|1
1919933|0|1016|0
1919935|0|1016|0
1919937|0|1016|0
1919977|0|1016|0
1920016|0|1016|0
1920035|0|1016|0
1920045|0|1016|0
1920046|0|1016|0
1920057|0|1016|0
1920059|0|1016|0
1920067|0|1016|0
1920069|0|1016|0
1920071|0|1016|0
1920072|0|1016|0
1920080|0|1016|0
1920084|0|1016|0
1920095|0|1016|0
1920096|0|1016|0
1920107|0|1016|0
1920117|0|1016|0
1920141|0|1016|0
1920145|0|1016|0
1920284|6|4114|0
1920863|0|1006|0
1921118|17|1330|0
1921769|3|2630|1
1921770|3|2630|1
1922657|6|4114|0
1923218|0|1034|0
1924591|6|4126|0
1924661|1|3018|0
1924662|1|3018|0
1926105|8|1148|0
1926106|8|1148|0
1926107|8|1148|0
1926217|21|2028|1
1929795|0|1016|0
1929797|0|1016|0
1930065|0|1028|0
1930967|0|1004|0
1931046|26|6516|0
1931047|26|6516|0
1931079|26|6516|0
1932491|8|1122|0
1932492|8|1122|0
1932493|8|1122|0
1932980|2|2708|1
1933240|0|1076|0
1935388|18|4255|0
1935459|6|4130|0
1935465|18|4212|0
1935601|0|1004|0
1936173|0|1004|0
1936510|0|1074|0
1936589|0|1034|0
1936629|0|1034|0
1936647|13|2218|0
1936771|21|2014|1
1936931|8|1124|0
1937039|8|1124|0
1937083|8|1136|0
1937350|0|1002|0
1937443|0|1002|0
1937454|8|1120|0
1937608|0|1034|0
1937611|0|1034|0
1937662|0|1034|0
1938021|6|4138|0
1938490|8|1144|0
1938600|8|1124|0
1939144|25|3106|0
1939221|8|1124|0
1939239|17|1330|0
1939383|8|1144|0
1939424|8|1144|0
1939531|8|1144|0
1940026|3|2632|1
1940454|2|2712|1
1940466|2|2702|1
1942510|8|1122|0
1943149|1|3032|0
1943435|8|1114|0
1943792|8|1114|0
1944334|4|2420|1
1944828|4|2416|1
1944889|8|1114|0
1944899|8|1118|0
1945572|21|2004|1
1945851|21|2004|1
1945991|21|2004|1
1946155|3|2650|1
1946311|0|1036|0
1946325|0|1026|0
1946668|0|1016|0
1948161|3|2650|1
1948220|22|6350|0
1948305|0|1074|0
1948372|17|1320|0
1948448|8|1124|0
1948483|8|1124|0
1948550|10|2170|1
1948632|0|1012|0
1949662|8|1122|0
1949872|0|1016|0
1949898|0|1026|0
1950029|21|2016|1
1950170|8|1132|0
1950263|0|1030|0
1950301|24|5222|0
1950405|8|1114|0
1950658|0|1096|0
1950703|1|3030|0
1950890|0|1076|0
1951039|8|1124|0
1951042|8|1122|0
1954510|0|1072|0
1954663|21|2008|1
1954748|23|6269|0
1954766|23|6269|0
1954771|11|1236|0
1955347|0|1030|0
1956004|0|1076|0
1956062|1|3022|0
1956354|25|3106|0
1956479|0|1026|0
1956622|0|1018|0
1957078|10|2108|1
1957773|0|1003|0
1958166|8|1142|0
1958171|8|1142|0
1958175|8|1142|0
1958177|8|1142|0
1958179|8|1142|0
1958181|8|1142|0
1958185|8|1142|0
1958186|8|1142|0
1958187|8|1142|0
1958189|8|1142|0
1958191|8|1142|0
1958193|8|1142|0
1958200|8|1142|0
1958201|8|1142|0
1958202|8|1142|0
1958210|8|1142|0
1958216|8|1142|0
1958217|8|1142|0
1958218|8|1142|0
1958219|8|1142|0
1958223|8|1142|0
1958226|8|1142|0
1958231|8|1142|0
1958238|8|1142|0
1958245|8|1142|0
1958249|8|1142|0
1958252|8|1142|0
1958262|0|1042|0
1958268|0|1042|0
1958713|2|2718|1
1959817|1|3040|0
1960256|8|1114|0
1960304|0|1032|0
1960591|21|2074|1
1960613|21|2010|1
1960691|21|2026|1
1960765|21|2002|1
1960806|21|2026|1
1960892|21|2028|1
1960944|21|2026|1
1961065|21|2020|1
1961112|21|2074|1
1961161|21|2026|1
1961293|21|2026|1
1961595|0|1016|0
1961606|1|3018|0
1962621|8|1124|0
1962694|6|4104|0
1962824|10|2156|1
1963265|10|2174|1
1963277|10|2174|1
1963324|29|5446|0
1963330|29|5446|0
1963348|29|5446|0
1963363|29|5446|0
1963404|30|5308|0
1963459|30|5308|0
1963540|0|1040|0
1963561|1|3004|0
1963591|1|3004|0
1963606|6|4114|0
1963684|23|6246|0
1963740|2|2718|1
1963752|23|6246|0
1963811|0|1040|0
1963838|1|3024|0
1963892|0|1040|0
1963919|0|1002|0
1964111|21|2010|1
1964356|10|2174|1
1964738|8|1126|0
1964739|8|1136|0
1964804|8|1126|0
1964810|8|1126|0
1964850|8|1120|0
1965074|1|3060|0
1965343|0|1032|0
1965358|18|4228|0
1965367|8|1132|0
1965425|6|4122|0
1965457|0|1074|0
1965539|1|3018|0
1965732|1|3020|0
1965853|0|1016|0
1965878|0|1016|0
1965978|0|1016|0
1966167|8|1124|0
1966629|21|2014|1
1966995|8|1124|0
1967038|0|1016|0
1967150|0|1040|0
1967566|0|1040|0
1967642|0|1044|0
1967660|0|1044|0
1967914|0|1048|0
1968073|0|1066|0
1968167|10|2178|1
1968318|10|2178|1
1968368|10|2178|1
1968390|10|2178|1
1968452|10|2178|1
1968666|6|4176|0
1968938|1|3038|0
1969477|9|6848|0
1969485|9|6848|0
1969675|0|1030|0
1969863|9|6848|0
1969899|9|6848|0
1969929|0|1034|0
1970094|9|6848|0
1970207|0|1074|0
1970428|0|1026|0
1970831|6|4126|0
1971255|8|1124|0
1971317|8|1122|0
1971328|10|2168|1
1971338|10|2174|1
1971365|8|1124|0
1971373|10|2168|1
1971394|10|2168|1
1971423|8|1136|0
1971436|10|2174|1
1971461|10|2168|1
1971730|23|6242|0
1971792|23|6242|0
1972039|23|6242|0
1972138|23|6242|0
1972227|23|6242|0
1972316|23|6242|0
1972443|23|6242|0
1972462|23|6242|0
1972587|23|6242|0
1972601|23|6242|0
1972673|23|6242|0
1972737|23|6242|0
1972763|23|6242|0
1972782|23|6242|0
1972822|23|6242|0
1973454|2|2718|1
1973543|2|2718|1
1973587|2|2718|1
1973606|0|1026|0
1973919|8|1124|0
1974834|8|1124|0
1974848|5|2504|1
1974921|8|1118|0
1974931|0|1092|0
1975439|0|1034|0
1975468|0|1034|0
1975512|0|1034|0
1975514|0|1034|0
1975527|0|1034|0
1975558|0|1034|0
1975562|0|1034|0
1975571|0|1034|0
1975578|0|1034|0
1975584|0|1034|0
1975598|0|1034|0
1975602|0|1089|0
1975649|0|1022|0
1975680|0|1034|0
1975686|0|1016|0
1975715|0|1034|0
1976186|8|1124|0
1976260|8|1124|0
1976284|12|2302|1
1976342|0|1040|0
1976349|17|1318|0
1976710|8|1114|0
1977218|0|1034|0
1977420|6|4130|0
1977486|8|1150|0
1977887|10|2170|1
1977901|10|2170|1
1977997|10|2170|1
1978835|2|2708|1
1979200|0|1044|0
1979268|8|1148|0
1980485|8|1126|0
1980532|8|1122|0
1980590|1|3040|0
1980702|8|1122|0
1980754|8|1126|0
1980755|8|1120|0
1980816|0|1016|0
1981370|0|1042|0
1981470|10|2142|1
1981607|0|1014|0
1981836|6|4162|0
1981900|6|4138|0
1982059|0|1040|0
1985099|6|4162|0
1986436|25|3110|0
1986500|25|3108|0
1986524|21|2006|1
1986603|21|2006|1
1986627|25|3108|0
1986680|8|1142|0
1986760|25|3110|0
1986825|25|3110|0
1987120|0|1040|0
1987152|0|1040|0
1987263|0|1040|0
1987383|0|1016|0
1987464|25|3116|0
1987653|10|2174|1
1987709|0|1016|0
1987893|1|3014|0
1988256|10|2130|1
1988377|23|6248|0
1988467|1|3044|0
1988754|21|2032|1
1988902|0|1002|0
1988975|23|6241|0
1989346|0|1030|0
1989798|2|2708|1
1990061|8|1144|0
1990194|3|2630|1
1990453|8|1124|0
1990578|21|2028|1
1990612|8|1124|0
1990640|8|1124|0
1990673|21|2028|1
1990742|3|2650|1
1990768|8|1136|0
1990881|8|1136|0
1991041|25|3108|0
1991097|23|6206|0
1991151|0|1048|0
1991217|0|1056|0
1991561|0|1062|0
1992672|0|1034|0
1992914|1|3040|0
1993077|0|1040|0
1993091|1|3040|0
1993195|0|1040|0
1993337|8|1122|0
1993601|17|1330|0
1993625|23|6233|0
1993879|8|1138|0
1994369|4|2416|1
1994863|0|1072|0
1994926|0|1086|0
1994941|0|1030|0
1997322|0|1042|0
1997781|1|3010|0
1997895|8|1124|0
1997976|0|1074|0
1998005|2|2702|1
1998078|0|1040|0
1998889|8|1148|0
1998945|25|3110|0
1999114|0|1070|0
1999775|1|3046|0
1999969|8|1124|0
2000482|8|1120|0
2000873|24|5250|0
2001183|1|3040|0
2001209|1|3040|0
2001632|0|1054|0
2002043|24|5222|0
2002136|10|2166|1
2002166|10|2166|1
2002282|17|1318|0
2002412|0|1014|0
2002445|6|4126|0
2002465|1|3040|0
2002469|0|1014|0
2002703|0|1042|0
2002963|0|1076|0
2003375|0|1036|0
2003389|0|1036|0
2003392|23|6253|0
2003409|0|1036|0
2003709|8|1124|0
2004673|1|3020|0
2004694|8|1124|0
2004738|1|3024|0
2004754|0|1040|0
2005047|8|1124|0
2005057|0|1040|0
2005060|17|1310|0
2005083|8|1124|0
2005102|23|6212|0
2005143|8|1124|0
2005274|8|1122|0
2005298|8|1124|0
2005335|0|1016|0
2005384|8|1124|0
2005613|0|1004|0
2005731|1|3040|0
2005844|22|6350|0
2005877|0|1016|0
2005984|0|1016|0
2006047|25|3108|0
2006089|0|1076|0
2006144|22|6353|0
2006310|0|1026|0
2006614|8|1126|0
2006630|0|1076|0
2006779|8|1122|0
2006810|8|1122|0
2006812|8|1120|0
2006928|8|1120|0
2007088|10|2172|1
2007114|6|4118|0
2007117|10|2172|1
2007133|10|2172|1
2007186|10|2172|1
2007250|10|2172|1
2007265|24|5244|0
2007505|1|3060|0
2008518|8|1138|0
2008562|1|3020|0
2008567|6|4114|0
2008571|8|1138|0
2008589|1|3015|0
2008747|8|1116|0
2009639|10|2142|1
2009827|0|1028|0
2010049|8|1118|0
2010082|0|1076|0
2010125|0|1052|0
2010127|0|1072|0
2010192|0|1082|0
2010216|0|1032|0
2010233|0|1050|0
2010235|13|2226|0
2010260|0|1068|0
2010269|0|1082|0
2010278|0|1032|0
2010282|0|1068|0
2010290|0|1068|0
2010315|6|4126|0
2010329|0|1072|0
2010356|0|1032|0
2010359|0|1068|0
2010370|0|1072|0
2010379|0|1052|0
2010404|0|1072|0
2010419|0|1072|0
2010428|0|1032|0
2010444|0|1068|0
2010456|0|1052|0
2010487|0|1052|0
2010498|0|1052|0
2010511|0|1032|0
2010519|0|1068|0
2010568|0|1072|0
2010574|0|1082|0
2010598|0|1050|0
2010615|0|1032|0
2010652|0|1032|0
2010667|0|1072|0
2010676|0|1072|0
2010693|0|1072|0
2010702|0|1052|0
2010743|0|1032|0
2010755|13|2226|0
2010756|0|1032|0
2010762|0|1032|0
2010766|0|1072|0
2010779|0|1032|0
2010786|0|1050|0
2010793|0|1032|0
2010837|13|2226|0
2010880|0|1032|0
2010885|0|1094|0
2010902|0|1072|0
2010913|0|1082|0
2010916|0|1032|0
2010918|0|1032|0
2010945|0|1068|0
2010959|0|1050|0
2010964|0|1050|0
2010972|13|2226|0
2010989|0|1068|0
2011008|0|1032|0
2011032|13|2226|0
2011054|13|2226|0
2011073|0|1032|0
2011080|0|1072|0
2011105|0|1082|0
2011110|0|1052|0
2011114|0|1032|0
2011127|0|1068|0
2011148|0|1068|0
2011153|0|1052|0
2011155|0|1032|0
2011200|0|1032|0
2011208|0|1050|0
2011211|0|1032|0
2011216|17|1338|0
2011218|0|1082|0
2011220|0|1032|0
2011225|0|1032|0
2011243|0|1032|0
2011259|0|1032|0
2011266|0|1050|0
2011328|0|1072|0
2011329|0|1083|0
2011346|0|1068|0
2011399|0|1050|0
2011401|0|1068|0
2011437|0|1063|0
2011448|0|1063|0
2011449|0|1052|0
2011450|0|1035|0
2011451|0|1063|0
2011457|0|1063|0
2011459|0|1063|0
2011463|0|1052|0
2011468|0|1063|0
2011470|0|1063|0
2011471|0|1027|0
2011583|8|1132|0
2011872|0|1084|0
2011898|25|3102|0
2011910|0|1074|0
2011927|1|3040|0
2011934|1|3040|0
2011938|10|2130|1
2012385|1|3010|0
2012410|8|1148|0
2012576|0|1042|0
2012591|0|1042|0
2012970|8|1154|0
2013086|8|1124|0
2013309|8|1114|0
2013450|8|1114|0
2013621|0|1010|0
2013632|8|1124|0
2013648|17|1318|0
2013651|0|1010|0
2013674|0|1010|0
2013931|8|1120|0
2014053|8|1120|0
2014085|8|1116|0
2014089|8|1120|0
2014094|8|1120|0
2014097|8|1120|0
2014922|0|1002|0
2015628|0|1077|0
2015646|0|1073|0
2015815|8|1136|0
2015820|0|1077|0
2015898|0|1073|0
2016322|8|1152|0
2016362|0|1040|0
2016407|8|1132|0
2016419|8|1132|0
2016441|8|1138|0
2016619|1|3040|0
2016642|1|3046|0
2016716|13|2208|0
2016737|13|2208|0
2016738|13|2208|0
2016795|0|1008|0
2016864|0|1040|0
2017079|8|1120|0
2017173|8|1124|0
2017184|8|1138|0
2017202|1|3032|0
2017241|1|3032|0
2017245|10|2108|1
2017257|6|4138|0
2017343|0|1026|0
2017583|32|5192|0
2018087|6|4126|0
2018245|6|4126|0
2018273|8|1124|0
2018358|8|1124|0
2018397|8|1124|0
2018471|8|1124|0
2018612|8|1114|0
2018690|8|1124|0
2018753|21|2026|1
2019084|0|1028|0
2026256|1|3034|0
2026304|8|1116|0
2026312|0|1016|0
2026369|0|1072|0
2026432|8|1118|0
2026444|0|1034|0
2026454|0|1034|0
2026501|0|1034|0
2026597|0|1060|0
2026609|0|1034|0
2026631|0|1060|0
2026650|0|1034|0
2026683|0|1034|0
2026801|0|1060|0
2026858|0|1034|0
2026893|0|1034|0
2026945|0|1034|0
2026959|0|1034|0
2026983|0|1034|0
2027090|0|1060|0
2027203|0|1034|0
2027252|0|1034|0
2027559|8|1148|0
2027649|8|1142|0
2027777|10|2166|1
2027809|8|1118|0
2027827|10|2166|1
2028217|8|1142|0
2028307|10|2166|1
2028315|10|2162|1
2028335|10|2166|1
2028403|8|1148|0
2028404|8|1142|0
2028435|10|2166|1
2028696|8|1118|0
2028754|10|2166|1
2028810|8|1118|0
2028898|8|1118|0
2028983|0|1010|0
2029427|8|1126|0
2029457|8|1120|0
2029467|8|1126|0
2029494|8|1122|0
2029519|8|1126|0
2029543|6|4176|0
2030002|0|1006|0
2030447|4|2416|1
2030606|4|2416|1
2030822|0|1040|0
2031266|21|2026|1
2031273|21|2026|1
2031309|21|2026|1
2031325|0|1040|0
2031378|21|2026|1
2032088|21|2016|1
2032488|8|1132|0
2033554|21|2012|1
2033699|10|2116|1
2033805|10|2174|1
2033992|0|1033|0
2034104|10|2174|1
2034132|17|1318|0
2034212|0|1016|0
2035258|0|1086|0
2035293|8|1142|0
2035576|17|1318|0
2035581|1|3040|0
2035587|1|3040|0
2036460|3|2644|1
2036465|3|2644|1
2036574|3|2636|1
2036618|4|2420|1
2036676|0|1040|0
2037008|25|3106|0
2037148|6|4198|0
2037269|25|3106|0
2037487|21|2006|1
2040614|0|1041|0
2040637|21|2014|1
2040862|8|1120|0
2042210|21|2014|1
2042314|0|1030|0
2042436|8|1122|0
2042614|1|3028|0
2042941|8|1148|0
2042947|8|1148|0
2043198|8|1142|0
2043261|0|1094|0
2043559|0|1078|0
2043795|8|1126|0
2043849|8|1126|0
2045162|6|4138|0
2045280|20|6922|0
2045360|20|6920|0
2045373|20|6920|0
2045493|0|1028|0
2045533|0|1075|0
2045545|8|1124|0
2045637|20|6920|0
2045783|20|6936|0
2045834|20|6924|0
2045986|20|6920|0
2046021|20|6920|0
2046260|0|1026|0
2046297|20|6936|0
2046298|20|6936|0
2046348|20|6922|0
2046528|20|6922|0
2046552|20|6936|0
2046591|20|6922|0
2046670|20|6922|0
2046789|20|6920|0
2046805|8|1148|0
2046903|1|3046|0
2046916|8|1148|0
2047159|17|1318|0
2047211|17|1318|0
2047495|0|1042|0
2047496|8|1136|0
2047506|8|1122|0
2047508|8|1122|0
2047752|1|3034|0
2048113|0|1016|0
2048139|0|1016|0
2048141|0|1016|0
2048163|0|1016|0
2048164|0|1016|0
2048182|0|1016|0
2048193|0|1016|0
2048242|0|1016|0
2048246|0|1016|0
2048248|0|1016|0
2048271|0|1016|0
2048279|0|1016|0
2048300|0|1016|0
2048313|0|1016|0
2048323|0|1016|0
2048358|6|4138|0
2048362|0|1016|0
2048374|0|1016|0
2048381|0|1016|0
2048399|0|1016|0
2048406|0|1016|0
2048421|0|1016|0
2048471|0|1016|0
2048515|0|1016|0
2048546|0|1016|0
2048596|0|1016|0
2048609|0|1016|0
2048624|0|1016|0
2048633|0|1016|0
2048674|0|1016|0
2048874|11|1236|0
2048954|6|4138|0
2049003|20|6960|0
2049026|6|4104|0
2049037|23|6222|0
2049081|21|2018|1
2049153|23|6222|0
2049304|0|1035|0
2049778|8|1148|0
2051064|6|4118|0
2052563|0|1016|0
2053415|0|1082|0
2053564|6|4138|0
2053590|10|2172|1
2053610|10|2172|1
2053614|10|2174|1
2053630|11|1236|0
2053751|8|1124|0
2053874|8|1120|0
2054101|8|1114|0
2054291|8|1114|0
2054300|0|1040|0
2054580|8|1120|0
2054605|17|1316|0
2054635|8|1126|0
2054903|6|4176|0
2056549|16|2906|1
2056557|0|1004|0
2056764|28|6482|0
2056876|28|6482|0
2057033|8|1126|0
2057231|16|2904|1
2057387|28|6482|0
2057442|8|1126|0
2057762|0|1028|0
2058362|0|1052|0
2058758|8|1136|0
2058764|8|1148|0
2058895|8|1148|0
2058907|8|1156|0
2059122|8|1148|0
2059277|25|3106|0
2059342|25|3106|0
2059647|25|3106|0
2059799|25|3106|0
2060787|8|1126|0
2060793|8|1142|0
2060910|8|1126|0
2061025|8|1126|0
2061033|8|1126|0
2061121|8|1148|0
2061214|8|1142|0
2061404|8|1120|0
2061781|0|1074|0
2062477|8|1118|0
2062912|1|3022|0
2067056|0|1016|0
2067123|0|1008|0
2067333|0|1036|0
2068536|0|1028|0
2072545|8|1124|0
2075374|20|6960|0
2075733|0|1068|0
2076761|0|1068|0
2081050|16|2986|1
2081056|16|2986|1
2081064|16|2966|1
2081095|16|2962|1
2081139|16|2986|1
2081142|16|2980|1
2081161|16|2966|1
2081175|16|2960|1
2083837|8|1118|0
2083859|8|1118|0
2084278|8|1122|0
2084557|1|3040|0
2084706|25|3104|0
2086882|10|2166|1
2087374|10|2162|1
2087409|8|1132|0
2087543|10|2162|1
2087567|10|2162|1
2087933|8|1114|0
2087978|8|1114|0
2088860|0|1006|0
2088922|0|1076|0
2088946|0|1026|0
2089036|0|1034|0
2089224|0|1026|0
2089250|1|3020|0
2089276|0|1006|0
2089339|0|1006|0
2089789|18|4254|0
2090125|18|4214|0
2091318|18|4252|0
2099230|18|4252|0
2101795|18|4222|0
2103250|18|4254|0
2105347|18|4254|0
2106464|8|1148|0
2108569|0|1086|0
2108843|0|1086|0
2109909|0|1074|0
2109969|0|1060|0
2110456|8|1120|0
2111684|8|1120|0
2111870|21|2028|1
2112280|17|1330|0
2112303|17|1334|0
2112404|10|2108|1
2112461|0|1030|0
2112462|0|1030|0
2112607|8|1118|0
2113343|8|1114|0
2113914|1|3040|0
2114566|0|1034|0
2114752|0|1034|0
2114812|1|3020|0
2116132|17|1310|0
2116139|0|1068|0
2116238|17|1310|0
2116416|0|1060|0
2116470|17|1334|0
2117783|11|1236|0
2118397|17|1326|0
2118662|0|1010|0
2120180|0|1006|0
2120216|0|1006|0
2120506|0|1040|0
2120681|0|1028|0
2120723|0|1068|0
2120768|0|1040|0
2121319|8|1124|0
2121610|0|1036|0
2121690|0|1036|0
2122188|0|1084|0
2122676|8|1124|0
2122818|8|1154|0
2122868|0|1088|0
2122947|17|1370|0
2123036|8|1114|0
2123209|17|1306|0
2123410|0|1012|0
2123463|0|1076|0
2123468|0|1068|0
2123711|17|1318|0
2123727|0|1028|0
2123747|0|1022|0
2123750|0|1008|0
2123775|0|1030|0
2123790|17|1318|0
2123791|0|1068|0
2123839|8|1122|0
2123859|17|1318|0
2123863|17|1318|0
2124052|17|1318|0
2124705|0|1040|0
2125814|0|1042|0
2126696|17|1318|0
2126842|0|1030|0
2126944|8|1142|0
2127024|8|1118|0
2127069|8|1142|0
2127114|8|1152|0
2127175|0|1026|0
2127206|0|1040|0
2127544|0|1040|0
2127651|0|1068|0
2127733|0|1068|0
2127825|17|1302|0
2127921|0|1028|0
2127992|0|1028|0
2128628|8|1122|0
2128799|8|1148|0
2129334|0|1086|0
2129350|0|1086|0
2129387|0|1068|0
2129515|0|1042|0
2129616|8|1124|0
2129678|0|1030|0
2129786|0|1016|0
2129790|0|1094|0
2129892|0|1092|0
2129994|0|1092|0
2130131|0|1092|0
2130219|0|1094|0
2130265|0|1094|0
2130352|0|1094|0
2130474|0|1064|0
2130521|0|1040|0
2130526|0|1030|0
2130553|17|1318|0
2131010|17|1328|0
2131572|0|1002|0
2131699|0|1002|0
2132163|0|1040|0
2132318|0|1002|0
2132945|0|1026|0
2132957|0|1068|0
2134058|8|1124|0
2134244|17|1364|0
