100 15
1.000000000000000000000000000000 0.000000000000000000000000000000 0.000000000000000000000000000000 0.000000000000000000000000000000 0.000000000000000000000000000000 0.000000000000000000000000000000 0.000000000000000000000000000000 0.000000000000000000000000000000 0.000000000000000000000000000000 0.000000000000000000000000000000 0.000000000000000000000000000000 0.000000000000000000000000000000 0.000000000000000000000000000000 0.000000000000000000000000000000 0.000000000000000000000000000000
1.000000000000000000000000000000 0.010101010101010101868701518413 0.000102030405060708103379997491 0.000001030610152128364783276696 0.000000010410203556852170413716 0.000000000105153571281335067086 0.000000000001062157285670051352 0.000000000000010728861471414660 0.000000000000000108372338095098 0.000000000000000001094670081769 0.000000000000000000011057273553 0.000000000000000000000111689632 0.000000000000000000000001128178 0.000000000000000000000000011396 0.000000000000000000000000000115
1.000000000000000000000000000000 0.020202020202020203737403036826 0.000408121620242832413519989965 0.000008244881217026918266213564 0.000000166563256909634726619449 0.000000003364914281002722146767 0.000000000067978066282883286528 0.000000000001373294268341076457 0.000000000000027743318552344981 0.000000000000000560471081865555 0.000000000000000011322648118496 0.000000000000000000228740366030 0.000000000000000000004621017496 0.000000000000000000000093353889 0.000000000000000000000001885937
1.000000000000000000000000000000 0.030303030303030303871381079261 0.000918273645546372916867450265 0.000027826474107465845760338990 0.000000843226488105025606641975 0.000000025552317821364415731471 0.000000000774312661253467155911 0.000000000023464020037983852230 0.000000000000711030910241934931 0.000000000000021546391219452575 0.000000000000000652920946044017 0.000000000000000019785483213455 0.000000000000000000599560097377 0.000000000000000000018168487799 0.000000000000000000000550560236
1.000000000000000000000000000000 0.040404040404040407474806073651 0.001632486480971329654079959859 0.000065959049736215346129708514 0.000002665012110554155625911183 0.000000107677256992087108696558 0.000000004350596242104530337800 0.000000000175781666347657786465 0.000000000007102289549400315225 0.000000000000286961193915164304 0.000000000000011594391673339972 0.000000000000000468460269629898 0.000000000000000018927687661814 0.000000000000000000764755057043 0.000000000000000000030899194224
1.000000000000000000000000000000 0.050505050505050504139337164133 0.002550760126517702137266541129 0.000128826269016045567416400841 0.000006506377223032604141181312 0.000000328604910254171917231657 0.000000016596207588594541073797 0.000000000838192302454269782534 0.000000000042332944568397459064 0.000000000002138027503454417006 0.000000000000107981187043152375 0.000000000000005453595305209716 0.000000000000000275434106323723 0.000000000000000013910813450693 0.000000000000000000702566335894
1.000000000000000000000000000000 0.060606060606060607742762158523 0.003673094582185491667469801058 0.000222611792859726766082711924 0.000013491623809680409706271594 0.000000817674170283661303407067 0.000000049556010320221897978300 0.000000003003394564861933085476 0.000000000182023913021935342430 0.000000000011031752304359718262 0.000000000000668591048749073785 0.000000000000040520669621155993 0.000000000000002455798158857939 0.000000000000000148836252051996 0.000000000000000009020378912242
1.000000000000000000000000000000 0.070707070707070704407293249005 0.004999489847974695859444960178 0.000353499282180028974974239642 0.000024994898740002048393316764 0.000001767316072525397455258381 0.000000124961742501795759344499 0.000000008835678762753235609471 0.000000000624744963022956079305 0.000000000044173886274350426912 0.000000000003123406100206595716 0.000000000000220846895974203735 0.000000000000015615437089085111 0.000000000000001104121814379755 0.000000000000000078069219198569
1.000000000000000000000000000000 0.080808080808080814949612147302 0.006529945923885318616319839435 0.000527672397889722769037668115 0.000042640193768866490014578935 0.000003445672223746787478289863 0.000000278438159494689941619215 0.000000022500053292500196667556 0.000000001818186124646480697544 0.000000000146924131284564123404 0.000000000011872657073500130858 0.000000000000959406632202030887 0.000000000000077527808662790383 0.000000000000006264873427296193 0.000000000000000506252398165349
1.000000000000000000000000000000 0.090909090909090911614143237784 0.008264462809917355601285748889 0.000751314800901577801647834853 0.000068301345536507076573219666 0.000006209213230591552261741252 0.000000564473930053777526466986 0.000000051315811823070686630615 0.000000004665073802097334922643 0.000000000424097618372485035267 0.000000000038554328942953188549 0.000000000003504938994813926158 0.000000000000318630817710356951 0.000000000000028966437973668813 0.000000000000002633312543060801
1.000000000000000000000000000000 0.101010101010101008278674328267 0.010203040506070808549066164517 0.001030610152128364539331206728 0.000104102035568521666258900993 0.000010515357128133501351413027 0.000001062157285670050628723039 0.000000107288614714146532164415 0.000000010837233809509749520506 0.000000001094670081768661507152 0.000000000110572735532188032200 0.000000000011168963185069497712 0.000000000001128178099501969476 0.000000000000113957383788077723 0.000000000000011510846847280579
1.000000000000000000000000000000 0.111111111111111104943205418749 0.012345679012345678327022824305 0.001371742112482852906513164370 0.000152415790275872557214820180 0.000016935087808430282252684582 0.000001881676423158920156183515 0.000000209075158128768888596093 0.000000023230573125418763193751 0.000000002581174791713195818508 0.000000000286797199079243979834 0.000000000031866355453249330375 0.000000000003540706161472147281 0.000000000000393411795719127442 0.000000000000043712421746569716
1.000000000000000000000000000000 0.121212121212121215485524317046 0.014692378328741966669879204233 0.001780894342877814128661695392 0.000215865980954886555300345496 0.000026165573449077161709026146 0.000003171584660494201470611227 0.000000384434504302327434940888 0.000000046598121733615447662145 0.000000005648257179832175749926 0.000000000684637233919051555920 0.000000000082986331384127474640 0.000000000010058949258682118040 0.000000000001219266576809953732 0.000000000000147789888098176215
1.000000000000000000000000000000 0.131313131313131326027843215343 0.017243138455259671842911828321 0.002264250504226017479680876932 0.000297325823787254858894535392 0.000039042784941760742606006729 0.000005126830345887774435602834 0.000000673220146429707850423813 0.000000088402645490769735111568 0.000000011608428195757643388048 0.000000001524339056008579418083 0.000000000200165734627389247588 0.000000000026284389395515762722 0.000000000003451485476178837872 0.000000000000453225365558837344
1.000000000000000000000000000000 0.141414141414141408814586498011 0.019997959391898783437779840710 0.002827994257440231799793917133 0.000399918379840032774293068218 0.000056554114320812718568268207 0.000007997551520114928598047949 0.000001130966881632414158012330 0.000000159934710533876756302193 0.000000022617029772467418579174 0.000000003198367846611554013001 0.000000000452294442955169249142 0.000000000063960830316892613780 0.000000000009044965903398955451 0.000000000001279086087349347225
1.000000000000000000000000000000 0.151515151515151519356905396307 0.022956841138659322271164953122 0.003478309263433230699713583078 0.000527016555065641070960957837 0.000079850993191763792880891182 0.000012098635332085423625789362 0.000001833126565467488479485234 0.000000277746449313255857496930 0.000000042082795350493311140373 0.000000006376181113711107748541 0.000000000966088047531985997440 0.000000000146376976898785762671 0.000000000022178329833149359939 0.000000000003360353005022630208
1.000000000000000000000000000000 0.161616161616161629899224294604 0.026119783695541274465279357742 0.004221379183117782152301344922 0.000682243100301863840233262959 0.000110261511159897199305275628 0.000017820042207660156263629783 0.000002880006821440025173447106 0.000000465455647909499058571315 0.000000075225155217696831182826 0.000000012157600843264133998364 0.000000001964864782749759255633 0.000000000317553904282789408591 0.000000000051321843116410414691 0.000000000008294439291541078134
1.000000000000000000000000000000 0.171717171717171712685967577272 0.029486787062544636550676102615 0.005063387677406654130418672821 0.000869470611271849769252639817 0.000149303034258802490557432874 0.000025637894771713555356913022 0.000004402466778981115900018246 0.000000755979143865444146586550 0.000000129814600461742917952675 0.000000022291396038885149866728 0.000000003827815481424722495504 0.000000000657301648325457329286 0.000000000112869980015482567387 0.000000000019381713740032361297
1.000000000000000000000000000000 0.181818181818181823228286475569 0.033057851239669422405142995558 0.006010518407212622413182678827 0.001092821528584113225171514650 0.000198694823378929672375720061 0.000036126331523441761693887092 0.000006568423913353047888718725 0.000001194258893336917740196613 0.000000217137980606712338056477 0.000000039479632837584065074329 0.000000007178115061378920772209 0.000000001305111829341622071381 0.000000000237293059880294917369 0.000000000043144192705508169144
1.000000000000000000000000000000 0.191919191919191906015029758237 0.036832976226915614681445276801 0.007068955033448450636646143153 0.001356668137732530785705131748 0.000260370652696142253386402121 0.000049970125264916194561364005 0.000009590226060943511882193185 0.000001840548435938653577397276 0.000000353236568513478939453868 0.000000067792876785415142242423 0.000000013010754130534218432839 0.000000002497013418991415554386 0.000000000479224797584211064949 0.000000000091972435900000084705
1.000000000000000000000000000000 0.202020202020202016557348656534 0.040812162024283234196264658067 0.008244881217026916314649653827 0.001665632569096346660142415885 0.000336491428100272043245216880 0.000067978066282883240238274491 0.000013732942683410756117045118 0.000002774331855234495877249659 0.000000560471081865554691661604 0.000000113226481184960544973193 0.000000022874036603022331315174 0.000000004621017495560066974135 0.000000000933538887991932707426 0.000000000188593714745845006021
1.000000000000000000000000000000 0.212121212121212127099667554830 0.044995408631772274010707235448 0.009544480618860784817969467042 0.002024586797940166726234023642 0.000429457805623671728164486572 0.000091097110283809156101864080 0.000019323629454141334500089089 0.000004098951702393616614451127 0.000000869474603538039971333787 0.000000184434006811099391869255 0.000000039122365081142293841293 0.000000008298683502060487474774 0.000000001760326803467376181145 0.000000000373402655280958576046
1.000000000000000000000000000000 0.222222222222222209886410837498 0.049382716049382713308091297222 0.010973936899862823252105314964 0.002438652644413960915437122878 0.000541922809869769032085906613 0.000120427291082170889995744956 0.000026761620240482417740299909 0.000005947026720107203377600237 0.000001321561493357156259076000 0.000000293680331857145835350222 0.000000065262295968254628607284 0.000000014502732437389915262470 0.000000003222829430531092004822 0.000000000716184317895798223294
1.000000000000000000000000000000 0.232323232323232320428729735795 0.053974084277114579843992459018 0.012539433720945810865621261598 0.002913201773553066899202779183 0.000676804452441621636794855110 0.000157237398041992906339361924 0.000036529900555210470178280069 0.000008486744573432736642453096 0.000001971667931201544645520522 0.000000458064266844803321804800 0.000000106418971085156320603696 0.000000024723599343016114820885 0.000000005743866514034046835802 0.000000001334433634573566549398
1.000000000000000000000000000000 0.242424242424242430971048634092 0.058769513314967866679516816930 0.014247154743022513029293563136 0.003453855695278184884805527943 0.000837298350370469174688836667 0.000202981418271628894119118502 0.000049207616550697911672433704 0.000011929119163805554601509064 0.000002891907676074073983962234 0.000000701068527533108793261575 0.000000169956006674693068062579 0.000000041201456163561955492901 0.000000009988231797227140976213 0.000000002421389526600519112268
1.000000000000000000000000000000 0.252525252525252541513367532389 0.063769003162942566875770467050 0.016103283627005700318068903698 0.004066485764395378482705112333 0.001026890344544287552580597023 0.000259315743571789840762886747 0.000065483773629239862474650524 0.000016536306472030268027890998 0.000004175834967684411306383836 0.000001054503779718285709097927 0.000000266288833262193423448248 0.000000067244654864190254569640 0.000000016980973450553096593579 0.000000004288124608725529676773
1.000000000000000000000000000000 0.262626262626262652055686430685 0.068972553821038687371647313284 0.018114004033808139837447015452 0.004757213180596077742312566272 0.001249369118136343763392215322 0.000328117142136817563878581350 0.000086172178743002604854248072 0.000022631077245637052188561439 0.000005943515236227913414680454 0.000001560923193352785324117434 0.000000409939424516893179059200 0.000000107660858964032564107872 0.000000028274569020857039845832 0.000000007425644389315991039590
1.000000000000000000000000000000 0.272727272727272707086854097724 0.074380165289256186533783932191 0.020285499624342596958204154589 0.005532408988457070478372834543 0.001508838815033746415250615058 0.000411501495009203538226472130 0.000112227680457055510425401490 0.000030607549215560590056238455 0.000008347513422425615315877225 0.000002276594569752440155678812 0.000000620889428114301841388927 0.000000169333480394809593106071 0.000000046181858289493518173534 0.000000012595052260770959201080
1.000000000000000000000000000000 0.282828282828282817629172996021 0.079991837567595133751119362842 0.022623954059521854398351337068 0.006398694077440524388689091495 0.001809731658266006994184582624 0.000511843297287355430275068713 0.000144763760848949012225578281 0.000040943285896672449613361428 0.000011579919243503318312536916 0.000003275128674930231309313363 0.000000926299019172186622242252 0.000000261983560977992146042099 0.000000074096360680644243057666 0.000000020956546455131704940112
1.000000000000000000000000000000 0.292929292929292928171491894318 0.085807570656055501268077989607 0.025135551000258680998111771032 0.007362939181893957130142780443 0.002156820568433583454326374351 0.000631795924086605295913465774 0.000185071533318298517192118657 0.000054212873396269263570092234 0.000015880538671634428552446872 0.000004651874964418166307508849 0.000001362670444122493280567857 0.000000399166089692447469948228 0.000000116927440414959369642885 0.000000034251472444786078109884
1.000000000000000000000000000000 0.303030303030303038713810792615 0.091827364554637289084659812488 0.027826474107465845597708664627 0.008432264881050257135375325390 0.002555231782136441372188517818 0.000774312661253467112050519194 0.000234640200379838525374109892 0.000071103091024193499519213957 0.000021546391219452575303871036 0.000006529209460440174334506375 0.000001978548321345507322757511 0.000000599560097377426483900877 0.000000181684877993159556618314 0.000000055056023634290773329122
1.000000000000000000000000000000 0.313131313131313149256129690912 0.098051219263340483323077023670 0.030702907042056113567918274043 0.009614041599027673204447275168 0.003010457470402604692599757286 0.000942668500833138871611294185 0.000295179025513407156458556280 0.000092429795867834572357241152 0.000028942663352554261023538359 0.000009062854181102849069175467 0.000002837863430446347058963693 0.000000888623902462997571404326 0.000000278255969458110351711245 0.000000087130657103044669222296
1.000000000000000000000000000000 0.323232323232323259798448589208 0.104479134782165097861117430966 0.033771033464942257218410759378 0.010915889604829821443732207342 0.003528368357116710377768820095 0.001140482701290250000872306124 0.000368640873144323222201229617 0.000119156645864831758994256683 0.000038515279471460777565607059 0.000012449383263502473214324323 0.000004024043075071506955536944 0.000001300700791942305417590582 0.000000420428538809634117152155 0.000000135896093352609024141367
1.000000000000000000000000000000 0.333333333333333314829616256247 0.111111111111111104943205418749 0.037037037037037028042174569009 0.012345679012345676592299348329 0.004115226337448558285858624117 0.001371742112482852906513164370 0.000457247370827617563224243291 0.000152415790275872503004711556 0.000050805263425290836593658378 0.000016935087808430278864552793 0.000005645029269476758774484650 0.000001881676423158919520908804 0.000000627225474386306506969601 0.000000209075158128768809186754
1.000000000000000000000000000000 0.343434343434343425371935154544 0.117947148250178546202704410462 0.040507101419253233043349382569 0.013911529780349596308042237069 0.004777697096281679697837851961 0.001640825265389667542842433434 0.000563515747709582835202335449 0.000193530660829553701526156706 0.000066465075436412373991769409 0.000022826389543818393463529143 0.000007839366105957831670791348 0.000002692307551541073220755743 0.000000924630876286833192037216 0.000000317549997916690207484531
1.000000000000000000000000000000 0.353535353535353535914254052841 0.124987246199367407761826598289 0.044187410272503627184370600389 0.015621811712501283003762253543 0.005522862726641868114096922682 0.001952527226590559375138389520 0.000690287403340096713741380619 0.000244041001180842279105753789 0.000086277121629590704460568973 0.000030502012697330048229338653 0.000010783539842490420714721244 0.000003812362570577421597416709 0.000001347804949194037981260097 0.000000476496699210013403654780
1.000000000000000000000000000000 0.363636363636363646456572951138 0.132231404958677689620571982232 0.048084147257700979305461430613 0.017485144457345811602744234392 0.006358234348125749516023041963 0.002312085217500272748408773893 0.000840758260909190129755996779 0.000305730276694250941490332840 0.000111174646070636717084915979 0.000040427144025686082636113217 0.000014700779645704029741483734 0.000005345738052983284004375693 0.000001943904746539375963089663 0.000000706874453287045843261375
1.000000000000000000000000000000 0.373737373737373756998891849435 0.139679624528109391778940562290 0.052203496035758058246845081385 0.019510397508313619130415617065 0.007291764725329332244574409572 0.002725204998355407193244559494 0.001018510958981313878346508517 0.000380655610932410272406745122 0.000142265228328274562132754744 0.000053169832809557161638382150 0.000019871553676299141252608801 0.000007426742283061295266956801 0.000002775651156295635900000387 0.000001037364573565035705702219
1.000000000000000000000000000000 0.383838383838383812030059516474 0.147331904907662458725781107205 0.056551640267587605093169145221 0.021706690203720492571282107974 0.008331860886276552108364867877 0.003198088016954636451927296292 0.001227548935800769520920727729 0.000471180399600295315813702768 0.000180857123078901217000380441 0.000069419905828265105656241230 0.000026646024459334079350454269 0.000010227766964188838110763786 0.000003925809541809857044060515 0.000001506876389785601387806785
1.000000000000000000000000000000 0.393939393939393922572378414770 0.155188246097337001483396079493 0.061134763614102451134701965429 0.024083391726767631318972817667 0.009487396740847853920941545880 0.003737459322152184536258712200 0.001472332460241769632944275337 0.000580009757064939529373759353 0.000228488692177097375574784666 0.000090010696918250485804545435 0.000035458759392038067495989823 0.000013968602184742269218913069 0.000005502782678837863092672061 0.000002167762873481582404778904
1.000000000000000000000000000000 0.404040404040404033114697313067 0.163248648097132936785058632267 0.065959049736215330517197230620 0.026650121105541546562278654164 0.010767725699208705383846940151 0.004350596242104527375249567456 0.001757816663476576782981775082 0.000710228954940030944575912741 0.000286961193915164002130741006 0.000115943916733399598052549340 0.000046846026962989734533475417 0.000018927687661814034326057329 0.000007647550570429912739230625 0.000003089919422395924578647955
1.000000000000000000000000000000 0.414141414141414143657016211364 0.171513110907050292386344381157 0.071030682294839012080878148936 0.029416747213014137612985265946 0.012182693290238178623896558861 0.005045357827270356698701192499 0.002089491625435198167426431581 0.000865345016594375074196754394 0.000358375208892619968176207479 0.000148418015804014334635407835 0.000061466046949137242852781449 0.000025455635605198254143959058 0.000010542232927405338464583312 0.000004365975252763827006664485
1.000000000000000000000000000000 0.424242424242424254199335109661 0.179981634527089096042828941791 0.076355844950886278543755736337 0.032393388767042667619744378271 0.013742649779957495301263570298 0.005830215058163785990519301095 0.002473424570130090816011403376 0.001049331635812765853299488583 0.000445170997011476465322898921 0.000188860422974565777274116862 0.000080122603686179417786968060 0.000033991407624439756696675674 0.000014420597174004745675938988 0.000006117829104123225309938821
1.000000000000000000000000000000 0.434343434343434364741654007958 0.188654218957249292243361082910 0.081940721365269891807159297059 0.035590414330369753159732937320 0.015458462789958580391180831271 0.006714281817860798078079209716 0.002916304223919336836845506156 0.001266677592207388720543792537 0.000550173095605229400470448375 0.000238964071828534017341225115 0.000103792475642696600509132243 0.000045081580329656099621719878 0.000019580888426012247412102280 0.000008504830326449764729061613
1.000000000000000000000000000000 0.444444444444444419772821674997 0.197530864197530853232365188887 0.087791495198902586016842519712 0.039018442310623374646993966053 0.017341529915832609026749011605 0.007707346629258936959727677163 0.003425487390781749470758388298 0.001522438840347444064665660690 0.000676639484598864004646912029 0.000300728659821717335398627569 0.000133657182142985479387717329 0.000059403192063549092915078487 0.000026401418694910705703502579 0.000011733963864404758090445591
1.000000000000000000000000000000 0.454545454545454530315140573293 0.206611570247933862276568106608 0.093914350112697206340861555418 0.042688340960316914496353035702 0.019403791345598594975108142080 0.008819905157090270758635242032 0.004009047798677395878230722559 0.001822294453944270755177403665 0.000828315660883759434171547120 0.000376507118583526995819754646 0.000171139599356148617214853913 0.000077790726980067547119239435 0.000035359421354576160245568317 0.000016072464252080071914858747
1.000000000000000000000000000000 0.464646464646464640857459471590 0.215896337108458319375969836074 0.100315469767566486924970092787 0.046611228376849070387244466929 0.021657742478131892377435363528 0.010063193474687546005719163134 0.004675827271066940182819848815 0.002172606610798780580467992607 0.001009493980775190858506507041 0.000469057809249078601528115673 0.000217946052782400144596369751 0.000101267862908994006306342972 0.000047053754482966911678893523 0.000021863360668853314345335542
1.000000000000000000000000000000 0.474747474747474751399778369887 0.225385164779104169019419146025 0.107001037824423189670497436055 0.050798472502503938530438176713 0.024116446541592780755669522819 0.011449222095503643406577687358 0.005435489277663345386581994489 0.002580484808587649170341649096 0.001225078646501207273872280368 0.000581602993793502425629027286 0.000276114552609036485383842141 0.000131084686592168841697339521 0.000062232123937696324535162606 0.000029544543687593203824381244
1.000000000000000000000000000000 0.484848484848484861942097268184 0.235078053259871466718067267720 0.113977237944180104234348505088 0.055261691124450958156888447093 0.026793547211855013590042773330 0.012990810769384249223623584157 0.006298574918489332694071514140 0.003053854505934221977986320340 0.001480656730149925879788663785 0.000717894172193903404299852866 0.000348069901669771403392161790 0.000168761164445949769698923637 0.000081823594882884738877133757 0.000039672046003822905135393490
1.000000000000000000000000000000 0.494949494949494972484416166481 0.244975002550760156960762969902 0.121250253787749978640064796309 0.060012751874744939273309540795 0.029703281230934366896612175424 0.014701624043593777835248204156 0.007276561395314092191288768419 0.003601530387579702629369249323 0.001782575646377832553207687383 0.000882284915883977814872463075 0.000436686473518332494894028661 0.000216137749519174679046357168 0.000106977269964035951160113980 0.000052948345739775373188472363
1.000000000000000000000000000000 0.505050505050505083026735064777 0.255076012651770267503081868199 0.128826269016045602544551229585 0.065063772230326055723281797327 0.032860491025417201682579104727 0.016596207588594549808824751835 0.008381923024542702396755267102 0.004233294456839748615140095467 0.002138027503454418588868524154 0.001079811870431524566116276986 0.000545359530520972131222012802 0.000275434106323723282717247374 0.000139108134506930967294602297 0.000070256633589359078224251265
1.000000000000000000000000000000 0.515151515151515138057902731816 0.265381083562901742833872731353 0.136711467289979682337985877894 0.070427119513019831309463825164 0.036280637324889002115479996746 0.018690025288579183854187348857 0.009628194845631699722021679122 0.004959979162901178434408322460 0.002555140780888485833866052843 0.001316284644700129033076385632 0.000678086029087945213467136796 0.000349317045287729380318580974 0.000179951205148224226224723532 0.000092702135985448834367035620
1.000000000000000000000000000000 0.525252525252525304111372861371 0.275890215284154749486589253138 0.144912032270465118699576123618 0.076115410889537243877001060355 0.039979811780363000428550890319 0.020999497096756324088229206382 0.011030038879104333421343753230 0.005793555774883085360271728348 0.003043079800948691668316392622 0.001598385349993252171896251923 0.000839555941410597230713241945 0.000440978878316677382585841993 0.000231625269418860870417053999 0.000121661757674553197192644782
1.000000000000000000000000000000 0.535353535353535359142540528410 0.286603407815529009905475277264 0.153434147618414534752773192849 0.082141513371474447757769610234 0.043974749582708541617570574545 0.023542037655389421585416798166 0.012603313088238782269101534439 0.006747228218956115471105494663 0.003612152480855294368888852574 0.001933778600861925248480255313 0.001035255210562444766475564961 0.000554227536967773540786674769 0.000296707671305979775455696767 0.000158843500800170982960660138
1.000000000000000000000000000000 0.545454545454545414173708195449 0.297520661157024746135135728764 0.162283996994740775665633236713 0.088518543815313127653965352692 0.048282842081079885288019681866 0.026336095680589026446494216316 0.014365143098503105334451390718 0.007835532599183511054397044404 0.004273926872281915041729138949 0.002331232839426498719415103977 0.001271581548778090171164523170 0.000693589935697140093362467184 0.000378321783107530900877590874 0.000206357336240471395550494238
1.000000000000000000000000000000 0.555555555555555580227178325003 0.308641975308642013686721838894 0.171467764060356686606212406332 0.095259868922420387615801473657 0.052922149401344653618650681892 0.029401194111858146296167859646 0.016333996728810081661142916687 0.009074442627116711262980075503 0.005041357015064839783291539277 0.002800753897258244709544960926 0.001555974387365691505302756070 0.000864430215203162055810637288 0.000480239008446201130070329910 0.000266799449136778405594627728
1.000000000000000000000000000000 0.565656565656565635258345992042 0.319967350270380535004477451366 0.180991632476174835186810696541 0.102379105239048390219025463921 0.057911413064512223813906643954 0.032757971026390747537604397621 0.018529761388665473564874019985 0.010481481189548147101020525440 0.005928918652673698976018901163 0.003353731763128556860736884104 0.001897060391264638202352132978 0.001073084665765855830188435505 0.000606997386695837639128403573 0.000343352057120877853738788454
1.000000000000000000000000000000 0.575757575757575801311816121597 0.331496786042240643155309953727 0.190861785903108260864513567867 0.109890119156335064332097317674 0.063270068605162613217807177080 0.036428221318123933658572610739 0.020973824395283478111418062895 0.012075838288193519592939040308 0.006952755378050814311086114117 0.004003101581301984207561517337 0.002304816061961748995673415763 0.001327015308402219092437368531 0.000764039116958853512136251585 0.000439901309764188395631800965
1.000000000000000000000000000000 0.585858585858585856342983788636 0.343230282624222005072311958429 0.201084408002069447984894168258 0.117807026910303314082284487085 0.069018258189874670538443979240 0.040434939141542738938461809539 0.023689156264742210200591188141 0.013878495589444931473943611877 0.008130835799876827418852798246 0.004763519963564202298889060927 0.002790749069562866238602971691 0.001634984303380264836907942438 0.000957869591879347156114510309 0.000561176124535375103752343762
1.000000000000000000000000000000 0.595959595959595911374151455675 0.355167840016324787288937159246 0.211665682433971324982735495723 0.126144194581861684989476657393 0.075176843235654947084078969510 0.044802361120238803904314295323 0.026700397031253424173780075535 0.015912357826706583635578695635 0.009483122341168569169322921653 0.005651557758878237788802145758 0.003368100078523394123874989958 0.002007251561948285474568098863 0.001196240829847968010352099455 0.000712911201626566671391005414
1.000000000000000000000000000000 0.606060606060606077427621585230 0.367309458218549156338639249952 0.222611792859726764781669317017 0.134916238096804114166005206243 0.081767417028366123910032570166 0.049556010320221895171233228439 0.030033945648619331247886066194 0.018202391302193535876918772942 0.011031752304359718555581970634 0.006685910487490738518534527657 0.004052066962115598997007381854 0.002455798158857938878057991516 0.001488362520519963087817227887 0.000902037891224220030224334455
1.000000000000000000000000000000 0.616161616161616132458789252269 0.379655137230894779154510843000 0.233928922940248279482844395716 0.144138023225809541738584584891 0.088812317341155369576632949702 0.054722740987984616611861099500 0.033718052527950119479083213037 0.020775769739444012451645704687 0.012801231859657419623332863523 0.007887627711506086172765783715 0.004860053438402739921231354714 0.002994578381238051888180162763 0.001845144255106274163574786584 0.001136907066277603349166436253
1.000000000000000000000000000000 0.626262626262626298512259381823 0.392204877053361933292308094678 0.245623256336448908543346192346 0.153824665584442771271156402690 0.096334639052883350163192233140 0.060330784053320887783122827841 0.037782915265716116026695203800 0.023662027742165650523453734877 0.014818643636507781644051640058 0.009280362681449317446835678425 0.005811944305554118776757643872 0.003639803504488438052472121242 0.002279472901800840001218517727 0.001427548685976283860538105230
1.000000000000000000000000000000 0.636363636363636353543427048862 0.404958677685950396707426079956 0.257700976709241136308747854855 0.163991530633153470564167264456 0.104358246766552198447897126243 0.066409793396896857342603937013 0.042260777616207084728117138184 0.026893222119404508463347269753 0.017113868621439234235515058913 0.010890643668188603604418673854 0.006930409607029111226927931000 0.004410260659018524695418328463 0.002806529510284515912393876746 0.001785973324726510165494364202
1.000000000000000000000000000000 0.646464646464646519596897178417 0.417916539128660391444469723865 0.270168267719538057747286075028 0.174654233677277143099715317476 0.112907787427734732088602243039 0.072990892882576000055827591950 0.047186031762473372441757391016 0.030504101341396930302529710843 0.019719823089387918113590814073 0.012748168461826532571468106880 0.008241240217746446244939662051 0.005327670443795682990451023642 0.003444150589928522687710454875 0.002226521593489146251532151410
1.000000000000000000000000000000 0.656565656565656574628064845456 0.431078461381491695458834101373 0.283031313028252129448958385183 0.185828639867034239863130551385 0.122008702943002270147054844074 0.080106724154496447565243499866 0.052595323939820901038011413675 0.034532283394831900236177091301 0.022672711319839129046060932637 0.014886123593833771455718917309 0.009773717511102980592951894323 0.006417087254764583699462310307 0.004213239106663616007075745529 0.002766268100334697260106464611
1.000000000000000000000000000000 0.666666666666666629659232512495 0.444444444444444419772821674997 0.296296296296296224337396552073 0.197530864197530825476789573258 0.131687242798353865147475971753 0.087791495198902586016842519712 0.058527663465935048092703141265 0.039018442310623360769206158238 0.026012294873748908335953089477 0.017341529915832605557302059651 0.011561019943888401970144563791 0.007707346629258934357642463198 0.005138231086172622905094975465 0.003425487390781748169715781316
1.000000000000000000000000000000 0.676767676767676795712702642049 0.458014488317518675408734907251 0.309969401184583326358534804967 0.209777271508758439422237529470 0.141970476677644619201146269916 0.096081029670729178882027099462 0.065024535231705607452035167171 0.044006503641659353021076128698 0.029782179232234109317323245136 0.020155616248077629082402495442 0.013640669582032336620835977214 0.009231564262587541383475731038 0.006247624298922881472262425007 0.004228190182099324061215650516
1.000000000000000000000000000000 0.686868686868686850743870309088 0.471788593000714184810817641846 0.324056811354025864346795060555 0.222584476485593540928675793111 0.152886307081013750330811262756 0.105012816984938722741915739789 0.072130015706826602905898937479 0.049543849172365747590696116731 0.034030118623443135483785937367 0.023374222892870034906653842199 0.016055021785001639261780681522 0.011027691731112235912215524536 0.007574576138541737509168871867 0.005202739165867052359426558894
1.000000000000000000000000000000 0.696969696969697016797340438643 0.485766758494031281045977266331 0.338564710465536988781565241879 0.235969343657798508173684126632 0.164463481943314115962806454263 0.114626063172612882579137760786 0.079890892514245345767953665472 0.055681531146292220779692172528 0.038808339889840032244094913949 0.027048236892918811613562013463 0.018851801470822205503141688610 0.013139134358451839620918200069 0.009157578492254313251574870947 0.006382554706722703280474817689
1.000000000000000000000000000000 0.707070707070707071828508105682 0.499948984797469631047306393157 0.353499282180029017474964803114 0.249948987400020528060196056686 0.176731607252539779651101525815 0.124961742501795800008856929253 0.088356787627532379358896719168 0.062474496302295623451072970056 0.044173886274350440683811314102 0.031234061002065969386842780864 0.022084689597420381623749108257 0.015615437089085118863018841751 0.011041218143797559142482711536 0.007806921919856859605479915132
1.000000000000000000000000000000 0.717171717171717126859675772721 0.514335271911029456859409947356 0.368866710158414989884079204785 0.264540771931792595417221036769 0.189721159668255257013669279331 0.136062649863092161028887971952 0.097580284245247894681085654156 0.069981820014268697471848668101 0.050188982030435119741085259193 0.035994118425867610566726284560 0.025813963719561617421449639664 0.018513044687766412599305709819 0.013277032048802171748658196293 0.009521911873383375260471161994
1.000000000000000000000000000000 0.727272727272727292913145902276 0.528925619834710758482287928928 0.384673178061607834443691444903 0.279762311317532985643907750273 0.203463499140023984512737342811 0.147973453920017455898161529149 0.107617057396376336608767587677 0.078266950833728241021525207088 0.056921418788165999147476981079 0.041397395482302548619379933825 0.030107196714401852910558687881 0.021896143065019531281922837707 0.015924467683650567889630522700 0.011581431042654959095994371410
1.000000000000000000000000000000 0.737373737373737347944313569315 0.543720028568513424893637875357 0.400924869550519979988223440159 0.295631469466545004909363569823 0.217990881525836205367951947665 0.160740751024101458099835326720 0.118526008330903084853069628934 0.087397965738948729663704284576 0.064444964635790483176158716105 0.047520024428411161698804221487 0.035040018012868830166173239604 0.025837589039792167172615577897 0.019051959594998266189769253742 0.014048414650857305938091990072
1.000000000000000000000000000000 0.747474747474747513997783698869 0.558718498112437567115762249159 0.417627968286064465974760651079 0.312166360133017906086649873032 0.233336471210538631826381106293 0.174413119894746060367651807610 0.130369402749608176428353090159 0.097447836398697029736126751231 0.072839796904076575811970428731 0.054445908796986533517703321650 0.040696941929060641285342825313 0.030419936391419065413455058433 0.022738134272373849292803171807 0.016996181173289545002225153780
1.000000000000000000000000000000 0.757575757575757569028951365908 0.573921028466482963104056125303 0.434788657929153776748876225611 0.329385346916025611996303723572 0.249534353724261803719741692476 0.189041177063834719973556275363 0.143213012927147498309921047621 0.108494706762990528181589411361 0.082192959668932225048010309365 0.062267393688585012667680018694 0.047172267945897738972149682013 0.035736566625680102338158405928 0.027073156534606138134968489339 0.020509967071671318661341132383
1.000000000000000000000000000000 0.767676767676767624060119032947 0.589327619630649834903124428820 0.452413122140700840745353161765 0.347307043259527881140513727587 0.266619548360849667467675772059 0.204677633085096732923346962707 0.157126263782498498677853149275 0.120622182297675600848307908564 0.092598847016397423104194785992 0.071085983568143468191991019012 0.054571058092716194509730343043 0.041892933485317480901688469430 0.032160231766506348904943735079 0.024688662770247293137826360976
1.000000000000000000000000000000 0.777777777777777790113589162502 0.604938271604938293535269622225 0.470507544581618697421276920068 0.365950312452370085658515108662 0.284628020796287850568972999099 0.221377349508223880691915042007 0.172182382950840817681381622606 0.133919631183987308808980287722 0.104159713143101226306974638192 0.081013110222412074157283257136 0.063010196839653836997641178641 0.049007930875286313809890970106 0.038117279569667136818189590031 0.029646772998629992990071713166
1.000000000000000000000000000000 0.787878787878787845144756829541 0.620752984389348005933584317972 0.489078108912819609077615723436 0.385334267628282101103565082667 0.303596695707131325470129468158 0.239197396617739810320557580781 0.188458554910946513016867243095 0.148482497808624519519682394275 0.116986210394673856294289748803 0.092170953644288497463854525904 0.072619539234893962231787156725 0.057215394548704334720667930014 0.045078795705039774455169521161 0.035516626919122246119897567951
1.000000000000000000000000000000 0.797979797979798011198226959095 0.636771757983879194142673441092 0.508130998795216837216059957427 0.405478271765880082799782258007 0.323563469388934654702438820095 0.258197111936624590367017617609 0.206036079222154999701643873777 0.164412628874244903798285122321 0.131197956374397461942749032460 0.104693318723004025194711630320 0.083543153324417362970422118451 0.066665748612413852636215949587 0.053197920609906010347422977702 0.042450865941238133394186604619
1.000000000000000000000000000000 0.808080808080808066229394626134 0.652994592388531747140234529070 0.527672397889722644137577844958 0.426401937688664744996458466630 0.344567222374678572283102084839 0.278438159494689752015972317167 0.225000532925001828221667210528 0.181818612464647921811433661787 0.146924131284563969090939394846 0.118726570735001188405810523818 0.095940663220202976324557653243 0.077527808662790284599530821197 0.062648734272961845159777283243 0.050625239816534828296568093720
1.000000000000000000000000000000 0.818181818181818232282864755689 0.669421487603305886970872506936 0.547708489857250291343859771587 0.448125128065022970691444470503 0.366647832053200617430377405981 0.299984589861709616265272870805 0.245441937159580625404942111345 0.200816130403293269246489671787 0.164304106693603568789541213846 0.134430632749312023443977182069 0.109988699522164390387501953228 0.089990754154498142636242619119 0.073628798853680302305413363229 0.060241744516647530161002066507
1.000000000000000000000000000000 0.828282828282828287314032422728 0.686052443628201169545377524628 0.568245458358712096647025191487 0.470667955408226201807764255136 0.389846185287621715964689883549 0.322902900945302828716876319959 0.267454928055705365430583242414 0.221528324248160018994369124812 0.183488106953021423706218229199 0.151980048183310678666657622671 0.125882464151833073362496406844 0.104266283438892048973656301314 0.086361972141304532701866492062 0.071532138541282541677190920382
1.000000000000000000000000000000 0.838383838383838342345200089767 0.702887460463217927930656969693 0.589289487055021155015310796443 0.494050782076431826972395811026 0.414204191033776147889966523508 0.347262099553569902887772968825 0.291138931948952517370088344251 0.244086175270333910480857753100 0.204637904519572866313126269233 0.171565111869944914024799231811 0.143837417022277036515731651889 0.120590965786353476740799806066 0.101101516770377153342508336209 0.084761877696376802804323347118
1.000000000000000000000000000000 0.848484848484848508398670219322 0.719926538108356384171315767162 0.610846759607090228350045890693 0.518294220272682681915910052339 0.439764792958639849640434249523 0.373133763722482303393235270050 0.316598344976651624449459632160 0.268628898768068058444669077289 0.227927550469875950245324247589 0.193393073125955355928695666989 0.164091092349295447627710586858 0.139228805629705243429583561010 0.118133532049446876577292186994 0.100234512041954923478037642326
1.000000000000000000000000000000 0.858585858585858563429837886360 0.737169676563615872133539141942 0.632923459675831856507954853441 0.543419132044906105782899885526 0.466571982058757772637846983343 0.400592105808024290247715271107 0.343942717107899698092410289973 0.295304353072439074168187289615 0.253544141526841626532728923848 0.217689414442237771929455902864 0.186905052803941512662433410696 0.160474035235707357394119298988 0.137780737323587115783496415133 0.118296592651564697051824737173
1.000000000000000000000000000000 0.868686868686868729483308015915 0.754616875828997168973444331641 0.655525770922159134457274376473 0.569446629285916050555726997118 0.494670809278674572517786600656 0.429714036343091076997069421850 0.373286940661675115116224787926 0.324269463605091512459210889574 0.281688624949877453040869568213 0.244699209552418833757414518004 0.212566990116242637842702833950 0.184654153030271384050564620338 0.160406637985892330799941873920 0.139343140068552945320945468666
1.000000000000000000000000000000 0.878787878787878784514475682954 0.772268135904499497534914098651 0.678659877006984491032426376478 0.596398073733410583052716447128 0.524107398129360801952714155050 0.460579228659135253565182210878 0.404751443367118879379518148198 0.355690662352922626343598722087 0.312576642673780491499258005206 0.274688564773928334261654526927 0.241392981164967296292545029246 0.212133225872243980081321979014 0.186420107584699262792682361578 0.163823730907766029751826408756
1.000000000000000000000000000000 0.888888888888888839545643349993 0.790123456790123412929460755549 0.702331961591220688134740157693 0.624295076969973994351903456845 0.554928957306643488855968371354 0.493270184272571965422571338422 0.438462386020063932257073702203 0.389744343128945680554409136676 0.346439416114618370379218958988 0.307946147657438551448194630211 0.273729909028834261786045090048 0.243315474692297084580161481426 0.216280421948708501123093128626 0.192249263954407556553860558779
1.000000000000000000000000000000 0.898989898989899005599113479548 0.808182838485868804134781839821 0.726548208335781042777057336934 0.653159500423075911612613708712 0.587183793309633883517051344825 0.527872299035933578714718805713 0.474551864789879651596038456773 0.426617332992922149159653599781 0.383524673094647161608605756555 0.344784807125490866397399258858 0.309958058930996871449536911314 0.278649164089482037631739785866 0.250502783878423229690923790258 0.225199472375552212088933856649
1.000000000000000000000000000000 0.909090909090909060630281146587 0.826446280991735449106272426434 0.751314800901577650726892443345 0.683013455365070631941648571228 0.620921323059155039203460546560 0.564473930053777328552655490057 0.513158118230706672413532487553 0.466507380209733313325415338113 0.424097618372484830295832125557 0.385543289429531643719428757322 0.350493899481392368056020814038 0.318630817710356673000404725826 0.289664379736687904731695653027 0.263331254306079898253045712408
1.000000000000000000000000000000 0.919191919191919226683751276141 0.844913784307723791933142365451 0.776637922949523940019389556255 0.713879302913198787727822036686 0.656192086516172556898141010606 0.603166463363350668913653862546 0.554425739051160659798256347131 0.509623659127834582882599079312 0.468441949299322701882886121894 0.430588054406448206279378609906 0.395793060110977645837948557528 0.363809782526252178946890580846 0.334411012221100478747359829867 0.307387900122425727911235071588
1.000000000000000000000000000000 0.929292929292929281714918943180 0.863585348433833277503879344295 0.802523758140531895399760742293 0.745779654029585126195911470859 0.693047759300220556077931632899 0.644044382380002944366026440548 0.598505890696568343400940648280 0.556187292364487828599806107377 0.516860918156897719555331605079 0.480315196671056487964790449041 0.446353516098355496133365249989 0.414793166475239449830780813500 0.385464356724464940473495744300 0.358209301198492702233977524884
1.000000000000000000000000000000 0.939393939393939447768389072735 0.882460973370064349907693213027 0.828978490135515055925452543306 0.778737369521241507008824100922 0.731541165307832974562529670948 0.687205337107358316117711183324 0.645556528797821438381276948348 0.606431890688862607063924770046 0.569678442768325465905832061253 0.535152476539942134614591395803 0.502718993113279055684472496068 0.472251175348837926026845934757 0.443629891994362923757222461063 0.416743231873492436800887617210
1.000000000000000000000000000000 0.949494949494949502799556739774 0.901540659116416676077676584100 0.856008302595385517363979488437 0.812775560040063016487010827404 0.771726289330968984181424730195 0.732750214112233178020971990918 0.695742627540908209482495294651 0.660604110998438187607462168671 0.627240267008618124222607548290 0.595561465644546483844123940798 0.565482603743306722066108704894 0.536922876281523575592302677251 0.509805559297608290592052071588 0.484057803777527051458662299410
1.000000000000000000000000000000 0.959595959595959557830724406813 0.920824405672890478058434382547 0.883619379181056485705880731985 0.847917586082831853389052412240 0.813658289675444734712073113769 0.780783207264315604057003383787 0.749236411011211966837208819925 0.718964232788536605767149012536 0.689915172877888727143158575927 0.662039812357569923406686029921 0.635290729029991396714649454225 0.609622416745951301031425373367 0.584991207988539096973568121030 0.561355199584961717107489675982
1.000000000000000000000000000000 0.969696969696969723884194536367 0.940312213039485866872269070882 0.911817903553440833874788040703 0.884187057991215330510215153481 0.857393510779360434881368746574 0.831411889240591950311909386073 0.806217589566634584841153809975 0.781786753519160826364498007024 0.758096245836762050451795857953 0.735123632326557086003049334977 0.712847158619691834147147346812 0.691245729570610256686791217362 0.670298889280591780881479735399 0.649986801726634477738286932436
1.000000000000000000000000000000 0.979797979797979778915362203406 0.960004081216202398429970799043 0.940610059373450768660518406250 0.921607835951764875481728722662 0.902989495831527211322509174352 0.884747283794526717670692050888 0.866873601293627116248785569042 0.849361003287695259800216263102 0.832202195140469003220573540602 0.815390029582075737124569059233 0.798917503731932709953866833530 0.782777756181792683243259034498 0.766964064137716006186451522808 0.751469840619782392110437285737
1.000000000000000000000000000000 0.989898989898989944968832332961 0.979900010203040627843051879609 0.970002030301999829120518370473 0.960204029995919028372952652717 0.950504999389899740691589613562 0.940903938790001781455885065952 0.931399858600203800484962357586 0.921991779220403873118527826591 0.912678730945450267242335939955 0.903459753865193282429402188427 0.894333897765544949542970698531 0.885300222030539485373878960672 0.876357795545382511903653721674 0.867505696600479714319931190403
1.000000000000000000000000000000 1.000000000000000000000000000000 1.000000000000000000000000000000 1.000000000000000000000000000000 1.000000000000000000000000000000 1.000000000000000000000000000000 1.000000000000000000000000000000 1.000000000000000000000000000000 1.000000000000000000000000000000 1.000000000000000000000000000000 1.000000000000000000000000000000 1.000000000000000000000000000000 1.000000000000000000000000000000 1.000000000000000000000000000000 1.000000000000000000000000000000

