100 1
0.000498308875942544884235507752
0.000518849139566439940089714877
0.000540200453949437947240297397
0.000562356303520283960090120345
0.000585305325067606236136286135
0.000609030880973776122394580668
0.000633510644270122058770156048
0.000658716203003266377764834960
0.000684612692031738687310771230
0.000711158460906556014365087481
0.000738304786901209080668406770
0.000765995642517137151697448338
0.000794167526872551149744183796
0.000822749370259249048278893390
0.000851662520800585375047031533
0.000880820821544791871665625038
0.000910130785467578771151531125
0.000939491874729113233578881026
0.000968796889133547996057760354
0.000997932467083403407573372057
0.001026779700424837286909518497
0.001055214862471499448828837764
0.001083110246212480500677122208
0.001110335107301507577559629425
0.001136756703946409678349094285
0.001162241423333780629065237200
0.001186655981803284290107547427
0.001209868683702330438914374078
0.001231750721779355023030588789
0.001252177500185439225355299442
0.001271029959718107411187348887
0.001288195883919011561213885386
0.001303571164080163848758564527
0.001317061001160035622198352101
0.001328581023085294429350589063
0.001338058296923845145662279599
0.001345432216950664819701821706
0.001350655251662393483216839662
0.001353693535285400853865334092
0.001354527292204613705267624013
0.001353151085942186013233445863
0.001349573887749877043953916633
0.001343818963451963704319735982
0.001335923580786758241290002047
0.001325938543042943324953841788
0.001313927558173022015763908854
0.001299966455697151726869642552
0.001284142266502906601019495803
0.001266552183028700050843040614
0.001247302419234092799721347333
0.001226506991168709427911243104
0.001204286439830103919851334027
0.001180766518344388655778476327
0.001156076865323574318772381631
0.001130349685578190249007901613
0.001103718458234855936267448939
0.001076316690779956361176394886
0.001048276735685794297525674779
0.001019728684144351757781543633
0.000990799349109605263438704803
0.000961611347406561003600677928
0.000932282288176284256939196915
0.000902924072459546762058069103
0.000873642306339454449357062593
0.000844535827819835674401538483
0.000815696345556780107871608365
0.000787208185721212242227928790
0.000759148141676785717137099230
0.000731585419825781652081175821
0.000704581673913095272478168685
0.000678191119283245253887559834
0.000652460718048652977760215599
0.000627430425833984612218885424
0.000603133490690754251080385462
0.000579596794904588480737417377
0.000556841230717931823766819743
0.000534882101435477075833391236
0.000513729539940006320851428878
0.000493388937294855431381357391
0.000473861374819580926254919406
0.000455144053773278952409325759
0.000437230717543405809563661357
0.000420112061997770732963558560
0.000403776130397219556750904035
0.000388208689973087474334167979
0.000373393587936186302413815730
0.000359313085295116666287307261
0.000345948167415719473171548115
0.000333278830747409018225857480
0.000321284345574852719072678209
0.000309943495025479453467559532
0.000299234790876521121374270740
0.000289136666962679208994074775
0.000279627651190825124005029378
0.000270686517325745192724673061
0.000262292417825499908808073446
0.000254424999081343211453087871
0.000247064500460190451542469292
0.000240191838562071836513100997
0.000233788678095372514775113215

